0.000000	-0.000406
0.000200	-0.000406
0.000400	-0.000406
0.000600	-0.000405
0.000800	-0.000405
0.001000	-0.000405
0.001200	-0.000404
0.001400	-0.000404
0.001600	-0.000403
0.001800	-0.000403
0.002000	-0.000402
0.002200	-0.000401
0.002400	-0.000400
0.002600	-0.000399
0.002800	-0.000397
0.003000	-0.000396
0.003200	-0.000394
0.003400	-0.000393
0.003600	-0.000391
0.003800	-0.000389
0.004000	-0.000386
0.004200	-0.000384
0.004400	-0.000381
0.004600	-0.000379
0.004800	-0.000376
0.005000	-0.000372
0.005200	-0.000369
0.005400	-0.000365
0.005600	-0.000361
0.005800	-0.000357
0.006000	-0.000353
0.006200	-0.000348
0.006400	-0.000343
0.006600	-0.000338
0.006800	-0.000332
0.007000	-0.000326
0.007200	-0.000320
0.007400	-0.000314
0.007600	-0.000308
0.007800	-0.000301
0.008000	-0.000294
0.008200	-0.000286
0.008400	-0.000279
0.008600	-0.000271
0.008800	-0.000264
0.009000	-0.000256
0.009200	-0.000248
0.009400	-0.000240
0.009600	-0.000231
0.009800	-0.000223
0.010000	-0.000215
0.010200	-0.000207
0.010400	-0.000200
0.010600	-0.000192
0.010800	-0.000185
0.011000	-0.000179
0.011200	-0.000173
0.011400	-0.000168
0.011600	-0.000163
0.011800	-0.000160
0.012000	-0.000157
0.012200	-0.000156
0.012400	-0.000156
0.012600	-0.000158
0.012800	-0.000162
0.013000	-0.000168
0.013200	-0.000176
0.013400	-0.000187
0.013600	-0.000201
0.013800	-0.000218
0.014000	-0.000238
0.014200	-0.000262
0.014400	-0.000290
0.014600	-0.000323
0.014800	-0.000361
0.015000	-0.000405
0.015200	-0.000454
0.015400	-0.000509
0.015600	-0.000572
0.015800	-0.000642
0.016000	-0.000720
0.016200	-0.000806
0.016400	-0.000902
0.016600	-0.001008
0.016800	-0.001124
0.017000	-0.001252
0.017200	-0.001391
0.017400	-0.001544
0.017600	-0.001710
0.017800	-0.001891
0.018000	-0.002087
0.018200	-0.002299
0.018400	-0.002529
0.018600	-0.002777
0.018800	-0.003044
0.019000	-0.003331
0.019200	-0.003639
0.019400	-0.003970
0.019600	-0.004324
0.019800	-0.004702
0.020000	-0.005106
0.020200	-0.005536
0.020400	-0.005995
0.020600	-0.006482
0.020800	-0.007000
0.021000	-0.007549
0.021200	-0.008130
0.021400	-0.008745
0.021600	-0.009394
0.021800	-0.010080
0.022000	-0.010802
0.022200	-0.011562
0.022400	-0.012362
0.022600	-0.013201
0.022800	-0.014082
0.023000	-0.015005
0.023200	-0.015970
0.023400	-0.016980
0.023600	-0.018033
0.023800	-0.019132
0.024000	-0.020277
0.024200	-0.021468
0.024400	-0.022705
0.024600	-0.023990
0.024800	-0.025321
0.025000	-0.026700
0.025200	-0.028126
0.025400	-0.029598
0.025600	-0.031118
0.025800	-0.032683
0.026000	-0.034294
0.026200	-0.035950
0.026400	-0.037649
0.026600	-0.039391
0.026800	-0.041173
0.027000	-0.042996
0.027200	-0.044856
0.027400	-0.046751
0.027600	-0.048681
0.027800	-0.050641
0.028000	-0.052630
0.028200	-0.054644
0.028400	-0.056681
0.028600	-0.058736
0.028800	-0.060807
0.029000	-0.062889
0.029200	-0.064979
0.029400	-0.067071
0.029600	-0.069162
0.029800	-0.071246
0.030000	-0.073318
0.030200	-0.075373
0.030400	-0.077405
0.030600	-0.079408
0.030800	-0.081376
0.031000	-0.083303
0.031200	-0.085182
0.031400	-0.087006
0.031600	-0.088768
0.031800	-0.090461
0.032000	-0.092078
0.032200	-0.093611
0.032400	-0.095053
0.032600	-0.096395
0.032800	-0.097629
0.033000	-0.098748
0.033200	-0.099743
0.033400	-0.100607
0.033600	-0.101330
0.033800	-0.101905
0.034000	-0.102323
0.034200	-0.102576
0.034400	-0.102656
0.034600	-0.102555
0.034800	-0.102264
0.035000	-0.101776
0.035200	-0.101084
0.035400	-0.100178
0.035600	-0.099054
0.035800	-0.097702
0.036000	-0.096117
0.036200	-0.094292
0.036400	-0.092221
0.036600	-0.089898
0.036800	-0.087318
0.037000	-0.084476
0.037200	-0.081367
0.037400	-0.077988
0.037600	-0.074335
0.037800	-0.070405
0.038000	-0.066196
0.038200	-0.061707
0.038400	-0.056935
0.038600	-0.051881
0.038800	-0.046545
0.039000	-0.040927
0.039200	-0.035030
0.039400	-0.028856
0.039600	-0.022408
0.039800	-0.015689
0.040000	-0.008705
0.040200	-0.001460
0.040400	0.006039
0.040600	0.013785
0.040800	0.021770
0.041000	0.029987
0.041200	0.038424
0.041400	0.047074
0.041600	0.055924
0.041800	0.064962
0.042000	0.074178
0.042200	0.083557
0.042400	0.093085
0.042600	0.102749
0.042800	0.112532
0.043000	0.122420
0.043200	0.132395
0.043400	0.142441
0.043600	0.152540
0.043800	0.162674
0.044000	0.172825
0.044200	0.182973
0.044400	0.193099
0.044600	0.203184
0.044800	0.213208
0.045000	0.223150
0.045200	0.232991
0.045400	0.242709
0.045600	0.252284
0.045800	0.261696
0.046000	0.270923
0.046200	0.279946
0.046400	0.288744
0.046600	0.297297
0.046800	0.305585
0.047000	0.313589
0.047200	0.321289
0.047400	0.328666
0.047600	0.335704
0.047800	0.342383
0.048000	0.348686
0.048200	0.354598
0.048400	0.360103
0.048600	0.365185
0.048800	0.369830
0.049000	0.374026
0.049200	0.377759
0.049400	0.381018
0.049600	0.383793
0.049800	0.386074
0.050000	0.387852
0.050200	0.389121
0.050400	0.389874
0.050600	0.390105
0.050800	0.389811
0.051000	0.388989
0.051200	0.387637
0.051400	0.385755
0.051600	0.383343
0.051800	0.380403
0.052000	0.376938
0.052200	0.372952
0.052400	0.368452
0.052600	0.363442
0.052800	0.357932
0.053000	0.351929
0.053200	0.345445
0.053400	0.338489
0.053600	0.331074
0.053800	0.323213
0.054000	0.314921
0.054200	0.306211
0.054400	0.297100
0.054600	0.287606
0.054800	0.277744
0.055000	0.267534
0.055200	0.256995
0.055400	0.246146
0.055600	0.235009
0.055800	0.223602
0.056000	0.211949
0.056200	0.200070
0.056400	0.187988
0.056600	0.175725
0.056800	0.163304
0.057000	0.150748
0.057200	0.138079
0.057400	0.125322
0.057600	0.112498
0.057800	0.099631
0.058000	0.086743
0.058200	0.073858
0.058400	0.060998
0.058600	0.048185
0.058800	0.035441
0.059000	0.022787
0.059200	0.010244
0.059400	-0.002167
0.059600	-0.014427
0.059800	-0.026515
0.060000	-0.038414
0.060200	-0.050105
0.060400	-0.061572
0.060600	-0.072796
0.060800	-0.083764
0.061000	-0.094459
0.061200	-0.104867
0.061400	-0.114976
0.061600	-0.124772
0.061800	-0.134245
0.062000	-0.143383
0.062200	-0.152176
0.062400	-0.160617
0.062600	-0.168697
0.062800	-0.176409
0.063000	-0.183748
0.063200	-0.190707
0.063400	-0.197284
0.063600	-0.203474
0.063800	-0.209275
0.064000	-0.214687
0.064200	-0.219707
0.064400	-0.224337
0.064600	-0.228578
0.064800	-0.232432
0.065000	-0.235900
0.065200	-0.238988
0.065400	-0.241698
0.065600	-0.244036
0.065800	-0.246007
0.066000	-0.247618
0.066200	-0.248876
0.066400	-0.249787
0.066600	-0.250360
0.066800	-0.250602
0.067000	-0.250524
0.067200	-0.250135
0.067400	-0.249443
0.067600	-0.248459
0.067800	-0.247195
0.068000	-0.245659
0.068200	-0.243863
0.068400	-0.241819
0.068600	-0.239538
0.068800	-0.237031
0.069000	-0.234309
0.069200	-0.231385
0.069400	-0.228271
0.069600	-0.224977
0.069800	-0.221516
0.070000	-0.217899
0.070200	-0.214139
0.070400	-0.210245
0.070600	-0.206231
0.070800	-0.202106
0.071000	-0.197883
0.071200	-0.193571
0.071400	-0.189182
0.071600	-0.184726
0.071800	-0.180213
0.072000	-0.175653
0.072200	-0.171056
0.072400	-0.166430
0.072600	-0.161786
0.072800	-0.157131
0.073000	-0.152473
0.073200	-0.147822
0.073400	-0.143184
0.073600	-0.138567
0.073800	-0.133977
0.074000	-0.129422
0.074200	-0.124908
0.074400	-0.120440
0.074600	-0.116024
0.074800	-0.111665
0.075000	-0.107369
0.075200	-0.103139
0.075400	-0.098979
0.075600	-0.094894
0.075800	-0.090887
0.076000	-0.086960
0.076200	-0.083118
0.076400	-0.079362
0.076600	-0.075694
0.076800	-0.072117
0.077000	-0.068631
0.077200	-0.065239
0.077400	-0.061942
0.077600	-0.058739
0.077800	-0.055633
0.078000	-0.052623
0.078200	-0.049708
0.078400	-0.046890
0.078600	-0.044168
0.078800	-0.041542
0.079000	-0.039010
0.079200	-0.036572
0.079400	-0.034227
0.079600	-0.031974
0.079800	-0.029811
0.080000	-0.027738
0.080200	-0.025753
0.080400	-0.023855
0.080600	-0.022041
0.080800	-0.020311
0.081000	-0.018662
0.081200	-0.017091
0.081400	-0.015597
0.081600	-0.014178
0.081800	-0.012832
0.082000	-0.011556
0.082200	-0.010348
0.082400	-0.009207
0.082600	-0.008129
0.082800	-0.007113
0.083000	-0.006156
0.083200	-0.005257
0.083400	-0.004413
0.083600	-0.003622
0.083800	-0.002882
0.084000	-0.002191
0.084200	-0.001547
0.084400	-0.000948
0.084600	-0.000391
0.084800	0.000125
0.085000	0.000601
0.085200	0.001041
0.085400	0.001445
0.085600	0.001815
0.085800	0.002154
0.086000	0.002462
0.086200	0.002742
0.086400	0.002994
0.086600	0.003221
0.086800	0.003424
0.087000	0.003604
0.087200	0.003762
0.087400	0.003901
0.087600	0.004021
0.087800	0.004123
0.088000	0.004208
0.088200	0.004278
0.088400	0.004334
0.088600	0.004376
0.088800	0.004407
0.089000	0.004425
0.089200	0.004433
0.089400	0.004431
0.089600	0.004421
0.089800	0.004402
0.090000	0.004375
0.090200	0.004342
0.090400	0.004303
0.090600	0.004258
0.090800	0.004207
0.091000	0.004153
0.091200	0.004094
0.091400	0.004031
0.091600	0.003966
0.091800	0.003898
0.092000	0.003827
0.092200	0.003754
0.092400	0.003680
0.092600	0.003604
0.092800	0.003527
0.093000	0.003449
0.093200	0.003371
0.093400	0.003293
0.093600	0.003214
0.093800	0.003135
0.094000	0.003056
0.094200	0.002978
0.094400	0.002900
0.094600	0.002823
0.094800	0.002746
0.095000	0.002670
0.095200	0.002595
0.095400	0.002522
0.095600	0.002449
0.095800	0.002377
0.096000	0.002307
0.096200	0.002237
0.096400	0.002169
0.096600	0.002102
0.096800	0.002037
0.097000	0.001973
0.097200	0.001910
0.097400	0.001849
0.097600	0.001788
0.097800	0.001730
0.098000	0.001672
0.098200	0.001616
0.098400	0.001562
0.098600	0.001508
0.098800	0.001456
0.099000	0.001406
0.099200	0.001356
0.099400	0.001308
0.099600	0.001261
0.099800	0.001216
0.100000	0.001171
0.100200	0.001128
0.100400	0.001086
0.100600	0.001045
0.100800	0.001005
0.101000	0.000967
0.101200	0.000929
0.101400	0.000892
0.101600	0.000857
0.101800	0.000822
0.102000	0.000788
0.102200	0.000756
0.102400	0.000724
0.102600	0.000693
0.102800	0.000663
0.103000	0.000634
0.103200	0.000605
0.103400	0.000577
0.103600	0.000551
0.103800	0.000524
0.104000	0.000499
0.104200	0.000474
0.104400	0.000450
0.104600	0.000427
0.104800	0.000404
0.105000	0.000382
0.105200	0.000361
0.105400	0.000340
0.105600	0.000320
0.105800	0.000300
0.106000	0.000281
0.106200	0.000262
0.106400	0.000244
0.106600	0.000226
0.106800	0.000209
0.107000	0.000192
0.107200	0.000175
0.107400	0.000160
0.107600	0.000144
0.107800	0.000129
0.108000	0.000114
0.108200	0.000100
0.108400	0.000086
0.108600	0.000072
0.108800	0.000059
0.109000	0.000046
0.109200	0.000034
0.109400	0.000021
0.109600	0.000010
0.109800	-0.000002
0.110000	-0.000013
0.110200	-0.000024
0.110400	-0.000035
0.110600	-0.000046
0.110800	-0.000056
0.111000	-0.000066
0.111200	-0.000076
0.111400	-0.000085
0.111600	-0.000094
0.111800	-0.000103
0.112000	-0.000112
0.112200	-0.000121
0.112400	-0.000129
0.112600	-0.000137
0.112800	-0.000145
0.113000	-0.000153
0.113200	-0.000160
0.113400	-0.000168
0.113600	-0.000175
0.113800	-0.000182
0.114000	-0.000189
0.114200	-0.000195
0.114400	-0.000202
0.114600	-0.000208
0.114800	-0.000214
0.115000	-0.000221
0.115200	-0.000226
0.115400	-0.000232
0.115600	-0.000238
0.115800	-0.000243
0.116000	-0.000248
0.116200	-0.000254
0.116400	-0.000259
0.116600	-0.000263
0.116800	-0.000268
0.117000	-0.000273
0.117200	-0.000277
0.117400	-0.000282
0.117600	-0.000286
0.117800	-0.000290
0.118000	-0.000294
0.118200	-0.000298
0.118400	-0.000302
0.118600	-0.000306
0.118800	-0.000310
0.119000	-0.000313
0.119200	-0.000317
0.119400	-0.000320
0.119600	-0.000323
0.119800	-0.000326
0.120000	-0.000329
0.120200	-0.000332
0.120400	-0.000335
0.120600	-0.000338
0.120800	-0.000341
0.121000	-0.000344
0.121200	-0.000346
0.121400	-0.000349
0.121600	-0.000351
0.121800	-0.000353
0.122000	-0.000356
0.122200	-0.000358
0.122400	-0.000360
0.122600	-0.000362
0.122800	-0.000364
0.123000	-0.000366
0.123200	-0.000368
0.123400	-0.000369
0.123600	-0.000371
0.123800	-0.000373
0.124000	-0.000374
0.124200	-0.000376
0.124400	-0.000377
0.124600	-0.000379
0.124800	-0.000380
0.125000	-0.000381
0.125200	-0.000382
0.125400	-0.000383
0.125600	-0.000385
0.125800	-0.000386
0.126000	-0.000387
0.126200	-0.000388
0.126400	-0.000388
0.126600	-0.000389
0.126800	-0.000390
0.127000	-0.000391
0.127200	-0.000392
0.127400	-0.000392
0.127600	-0.000393
0.127800	-0.000393
0.128000	-0.000394
0.128200	-0.000394
0.128400	-0.000395
0.128600	-0.000395
0.128800	-0.000395
0.129000	-0.000396
0.129200	-0.000396
0.129400	-0.000396
0.129600	-0.000396
0.129800	-0.000396
0.130000	-0.000397
0.130200	-0.000397
0.130400	-0.000397
0.130600	-0.000397
0.130800	-0.000397
0.131000	-0.000396
0.131200	-0.000396
0.131400	-0.000396
0.131600	-0.000396
0.131800	-0.000396
0.132000	-0.000395
0.132200	-0.000395
0.132400	-0.000395
0.132600	-0.000395
0.132800	-0.000394
0.133000	-0.000394
0.133200	-0.000393
0.133400	-0.000393
0.133600	-0.000392
0.133800	-0.000392
0.134000	-0.000391
0.134200	-0.000391
0.134400	-0.000390
0.134600	-0.000389
0.134800	-0.000389
0.135000	-0.000388
0.135200	-0.000387
0.135400	-0.000386
0.135600	-0.000386
0.135800	-0.000385
0.136000	-0.000384
0.136200	-0.000383
0.136400	-0.000382
0.136600	-0.000382
0.136800	-0.000381
0.137000	-0.000380
0.137200	-0.000379
0.137400	-0.000378
0.137600	-0.000377
0.137800	-0.000376
0.138000	-0.000375
0.138200	-0.000374
0.138400	-0.000373
0.138600	-0.000371
0.138800	-0.000370
0.139000	-0.000369
0.139200	-0.000368
0.139400	-0.000367
0.139600	-0.000366
0.139800	-0.000364
0.140000	-0.000363
0.140200	-0.000362
0.140400	-0.000361
0.140600	-0.000359
0.140800	-0.000358
0.141000	-0.000357
0.141200	-0.000356
0.141400	-0.000354
0.141600	-0.000353
0.141800	-0.000351
0.142000	-0.000350
0.142200	-0.000349
0.142400	-0.000347
0.142600	-0.000346
0.142800	-0.000344
0.143000	-0.000343
0.143200	-0.000342
0.143400	-0.000340
0.143600	-0.000339
0.143800	-0.000337
0.144000	-0.000336
0.144200	-0.000334
0.144400	-0.000333
0.144600	-0.000331
0.144800	-0.000329
0.145000	-0.000328
0.145200	-0.000326
0.145400	-0.000325
0.145600	-0.000323
0.145800	-0.000322
0.146000	-0.000320
0.146200	-0.000318
0.146400	-0.000317
0.146600	-0.000315
0.146800	-0.000313
0.147000	-0.000312
0.147200	-0.000310
0.147400	-0.000308
0.147600	-0.000307
0.147800	-0.000305
0.148000	-0.000303
0.148200	-0.000302
0.148400	-0.000300
0.148600	-0.000298
0.148800	-0.000297
0.149000	-0.000295
0.149200	-0.000293
0.149400	-0.000291
0.149600	-0.000290
0.149800	-0.000288
0.150000	-0.000286
0.150200	-0.000284
0.150400	-0.000283
0.150600	-0.000281
0.150800	-0.000279
0.151000	-0.000277
0.151200	-0.000276
0.151400	-0.000274
0.151600	-0.000272
0.151800	-0.000270
0.152000	-0.000268
0.152200	-0.000267
0.152400	-0.000265
0.152600	-0.000263
0.152800	-0.000261
0.153000	-0.000259
0.153200	-0.000258
0.153400	-0.000256
0.153600	-0.000254
0.153800	-0.000252
0.154000	-0.000250
0.154200	-0.000249
0.154400	-0.000247
0.154600	-0.000245
0.154800	-0.000243
0.155000	-0.000241
0.155200	-0.000240
0.155400	-0.000238
0.155600	-0.000236
0.155800	-0.000234
0.156000	-0.000232
0.156200	-0.000230
0.156400	-0.000229
0.156600	-0.000227
0.156800	-0.000225
0.157000	-0.000223
0.157200	-0.000221
0.157400	-0.000220
0.157600	-0.000218
0.157800	-0.000216
0.158000	-0.000214
0.158200	-0.000212
0.158400	-0.000211
0.158600	-0.000209
0.158800	-0.000207
0.159000	-0.000205
0.159200	-0.000203
0.159400	-0.000202
0.159600	-0.000200
0.159800	-0.000198
0.160000	-0.000196
0.160200	-0.000194
0.160400	-0.000193
0.160600	-0.000191
0.160800	-0.000189
0.161000	-0.000187
0.161200	-0.000186
0.161400	-0.000184
0.161600	-0.000182
0.161800	-0.000180
0.162000	-0.000179
0.162200	-0.000177
0.162400	-0.000175
0.162600	-0.000173
0.162800	-0.000172
0.163000	-0.000170
0.163200	-0.000168
0.163400	-0.000167
0.163600	-0.000165
0.163800	-0.000163
0.164000	-0.000162
0.164200	-0.000160
0.164400	-0.000158
0.164600	-0.000157
0.164800	-0.000155
0.165000	-0.000153
0.165200	-0.000152
0.165400	-0.000150
0.165600	-0.000148
0.165800	-0.000147
0.166000	-0.000145
0.166200	-0.000143
0.166400	-0.000142
0.166600	-0.000140
0.166800	-0.000139
0.167000	-0.000137
0.167200	-0.000135
0.167400	-0.000134
0.167600	-0.000132
0.167800	-0.000131
0.168000	-0.000129
0.168200	-0.000128
0.168400	-0.000126
0.168600	-0.000124
0.168800	-0.000123
0.169000	-0.000121
0.169200	-0.000120
0.169400	-0.000118
0.169600	-0.000117
0.169800	-0.000115
0.170000	-0.000114
0.170200	-0.000112
0.170400	-0.000111
0.170600	-0.000110
0.170800	-0.000108
0.171000	-0.000107
0.171200	-0.000105
0.171400	-0.000104
0.171600	-0.000102
0.171800	-0.000101
0.172000	-0.000100
0.172200	-0.000098
0.172400	-0.000097
0.172600	-0.000096
0.172800	-0.000094
0.173000	-0.000093
0.173200	-0.000092
0.173400	-0.000090
0.173600	-0.000089
0.173800	-0.000088
0.174000	-0.000086
0.174200	-0.000085
0.174400	-0.000084
0.174600	-0.000083
0.174800	-0.000081
0.175000	-0.000080
0.175200	-0.000079
0.175400	-0.000078
0.175600	-0.000076
0.175800	-0.000075
0.176000	-0.000074
0.176200	-0.000073
0.176400	-0.000072
0.176600	-0.000071
0.176800	-0.000069
0.177000	-0.000068
0.177200	-0.000067
0.177400	-0.000066
0.177600	-0.000065
0.177800	-0.000064
0.178000	-0.000063
0.178200	-0.000062
0.178400	-0.000061
0.178600	-0.000060
0.178800	-0.000059
0.179000	-0.000058
0.179200	-0.000057
0.179400	-0.000056
0.179600	-0.000055
0.179800	-0.000054
0.180000	-0.000053
0.180200	-0.000052
0.180400	-0.000051
0.180600	-0.000050
0.180800	-0.000049
0.181000	-0.000048
0.181200	-0.000047
0.181400	-0.000046
0.181600	-0.000045
0.181800	-0.000044
0.182000	-0.000044
0.182200	-0.000043
0.182400	-0.000042
0.182600	-0.000041
0.182800	-0.000040
0.183000	-0.000040
0.183200	-0.000039
0.183400	-0.000038
0.183600	-0.000037
0.183800	-0.000037
0.184000	-0.000036
0.184200	-0.000035
0.184400	-0.000034
0.184600	-0.000034
0.184800	-0.000033
0.185000	-0.000032
0.185200	-0.000032
0.185400	-0.000031
0.185600	-0.000030
0.185800	-0.000030
0.186000	-0.000029
0.186200	-0.000029
0.186400	-0.000028
0.186600	-0.000027
0.186800	-0.000027
0.187000	-0.000026
0.187200	-0.000026
0.187400	-0.000025
0.187600	-0.000025
0.187800	-0.000024
0.188000	-0.000024
0.188200	-0.000023
0.188400	-0.000023
0.188600	-0.000022
0.188800	-0.000022
0.189000	-0.000022
0.189200	-0.000021
0.189400	-0.000021
0.189600	-0.000020
0.189800	-0.000020
0.190000	-0.000020
0.190200	-0.000019
0.190400	-0.000019
0.190600	-0.000019
0.190800	-0.000018
0.191000	-0.000018
0.191200	-0.000018
0.191400	-0.000017
0.191600	-0.000017
0.191800	-0.000017
0.192000	-0.000017
0.192200	-0.000016
0.192400	-0.000016
0.192600	-0.000016
0.192800	-0.000016
0.193000	-0.000016
0.193200	-0.000015
0.193400	-0.000015
0.193600	-0.000015
0.193800	-0.000015
0.194000	-0.000015
0.194200	-0.000015
0.194400	-0.000015
0.194600	-0.000014
0.194800	-0.000014
0.195000	-0.000014
0.195200	-0.000014
0.195400	-0.000014
0.195600	-0.000014
0.195800	-0.000014
0.196000	-0.000014
0.196200	-0.000014
0.196400	-0.000014
0.196600	-0.000014
0.196800	-0.000014
0.197000	-0.000014
0.197200	-0.000014
0.197400	-0.000014
0.197600	-0.000014
0.197800	-0.000015
0.198000	-0.000015
0.198200	-0.000015
0.198400	-0.000015
0.198600	-0.000015
0.198800	-0.000015
0.199000	-0.000015
0.199200	-0.000016
0.199400	-0.000016
0.199600	-0.000016
0.199800	-0.000016
0.200000	-0.000016
0.200200	-0.000017
0.200400	-0.000017
0.200600	-0.000017
0.200800	-0.000017
0.201000	-0.000018
0.201200	-0.000018
0.201400	-0.000018
0.201600	-0.000018
0.201800	-0.000019
0.202000	-0.000019
0.202200	-0.000019
0.202400	-0.000020
0.202600	-0.000020
0.202800	-0.000020
0.203000	-0.000021
0.203200	-0.000021
0.203400	-0.000022
0.203600	-0.000022
0.203800	-0.000022
0.204000	-0.000023
0.204200	-0.000023
0.204400	-0.000024
0.204600	-0.000024
0.204800	-0.000025
0.205000	-0.000025
0.205200	-0.000026
0.205400	-0.000026
0.205600	-0.000027
0.205800	-0.000027
0.206000	-0.000028
0.206200	-0.000028
0.206400	-0.000029
0.206600	-0.000029
0.206800	-0.000030
0.207000	-0.000030
0.207200	-0.000031
0.207400	-0.000031
0.207600	-0.000032
0.207800	-0.000033
0.208000	-0.000033
0.208200	-0.000034
0.208400	-0.000034
0.208600	-0.000035
0.208800	-0.000036
0.209000	-0.000036
0.209200	-0.000037
0.209400	-0.000038
0.209600	-0.000038
0.209800	-0.000039
0.210000	-0.000040
0.210200	-0.000040
0.210400	-0.000041
0.210600	-0.000042
0.210800	-0.000043
0.211000	-0.000043
0.211200	-0.000044
0.211400	-0.000045
0.211600	-0.000046
0.211800	-0.000046
0.212000	-0.000047
0.212200	-0.000048
0.212400	-0.000049
0.212600	-0.000050
0.212800	-0.000050
0.213000	-0.000051
0.213200	-0.000052
0.213400	-0.000053
0.213600	-0.000054
0.213800	-0.000054
0.214000	-0.000055
0.214200	-0.000056
0.214400	-0.000057
0.214600	-0.000058
0.214800	-0.000059
0.215000	-0.000060
0.215200	-0.000060
0.215400	-0.000061
0.215600	-0.000062
0.215800	-0.000063
0.216000	-0.000064
0.216200	-0.000065
0.216400	-0.000066
0.216600	-0.000067
0.216800	-0.000068
0.217000	-0.000069
0.217200	-0.000070
0.217400	-0.000071
0.217600	-0.000072
0.217800	-0.000073
0.218000	-0.000074
0.218200	-0.000075
0.218400	-0.000076
0.218600	-0.000076
0.218800	-0.000077
0.219000	-0.000078
0.219200	-0.000079
0.219400	-0.000081
0.219600	-0.000082
0.219800	-0.000083
0.220000	-0.000084
0.220200	-0.000085
0.220400	-0.000086
0.220600	-0.000087
0.220800	-0.000088
0.221000	-0.000089
0.221200	-0.000090
0.221400	-0.000091
0.221600	-0.000092
0.221800	-0.000093
0.222000	-0.000094
0.222200	-0.000095
0.222400	-0.000096
0.222600	-0.000097
0.222800	-0.000098
0.223000	-0.000099
0.223200	-0.000101
0.223400	-0.000102
0.223600	-0.000103
0.223800	-0.000104
0.224000	-0.000105
0.224200	-0.000106
0.224400	-0.000107
0.224600	-0.000108
0.224800	-0.000109
0.225000	-0.000111
0.225200	-0.000112
0.225400	-0.000113
0.225600	-0.000114
0.225800	-0.000115
0.226000	-0.000116
0.226200	-0.000117
0.226400	-0.000119
0.226600	-0.000120
0.226800	-0.000121
0.227000	-0.000122
0.227200	-0.000123
0.227400	-0.000124
0.227600	-0.000126
0.227800	-0.000127
0.228000	-0.000128
0.228200	-0.000129
0.228400	-0.000130
0.228600	-0.000131
0.228800	-0.000133
0.229000	-0.000134
0.229200	-0.000135
0.229400	-0.000136
0.229600	-0.000137
0.229800	-0.000139
0.230000	-0.000140
0.230200	-0.000141
0.230400	-0.000142
0.230600	-0.000143
0.230800	-0.000145
0.231000	-0.000146
0.231200	-0.000147
0.231400	-0.000148
0.231600	-0.000149
0.231800	-0.000151
0.232000	-0.000152
0.232200	-0.000153
0.232400	-0.000154
0.232600	-0.000155
0.232800	-0.000157
0.233000	-0.000158
0.233200	-0.000159
0.233400	-0.000160
0.233600	-0.000161
0.233800	-0.000163
0.234000	-0.000164
0.234200	-0.000165
0.234400	-0.000166
0.234600	-0.000168
0.234800	-0.000169
0.235000	-0.000170
0.235200	-0.000171
0.235400	-0.000172
0.235600	-0.000174
0.235800	-0.000175
0.236000	-0.000176
0.236200	-0.000177
0.236400	-0.000178
0.236600	-0.000180
0.236800	-0.000181
0.237000	-0.000182
0.237200	-0.000183
0.237400	-0.000185
0.237600	-0.000186
0.237800	-0.000187
0.238000	-0.000188
0.238200	-0.000189
0.238400	-0.000191
0.238600	-0.000192
0.238800	-0.000193
0.239000	-0.000194
0.239200	-0.000196
0.239400	-0.000197
0.239600	-0.000198
0.239800	-0.000199
0.240000	-0.000200
0.240200	-0.000202
0.240400	-0.000203
0.240600	-0.000204
0.240800	-0.000205
0.241000	-0.000206
0.241200	-0.000208
0.241400	-0.000209
0.241600	-0.000210
0.241800	-0.000211
0.242000	-0.000212
0.242200	-0.000214
0.242400	-0.000215
0.242600	-0.000216
0.242800	-0.000217
0.243000	-0.000218
0.243200	-0.000220
0.243400	-0.000221
0.243600	-0.000222
0.243800	-0.000223
0.244000	-0.000224
0.244200	-0.000226
0.244400	-0.000227
0.244600	-0.000228
0.244800	-0.000229
0.245000	-0.000230
0.245200	-0.000231
0.245400	-0.000233
0.245600	-0.000234
0.245800	-0.000235
0.246000	-0.000236
0.246200	-0.000237
0.246400	-0.000238
0.246600	-0.000240
0.246800	-0.000241
0.247000	-0.000242
0.247200	-0.000243
0.247400	-0.000244
0.247600	-0.000245
0.247800	-0.000247
0.248000	-0.000248
0.248200	-0.000249
0.248400	-0.000250
0.248600	-0.000251
0.248800	-0.000252
0.249000	-0.000253
0.249200	-0.000255
0.249400	-0.000256
0.249600	-0.000257
0.249800	-0.000258
0.250000	-0.000259
0.250200	-0.000260
0.250400	-0.000261
0.250600	-0.000262
0.250800	-0.000263
0.251000	-0.000265
0.251200	-0.000266
0.251400	-0.000267
0.251600	-0.000268
0.251800	-0.000269
0.252000	-0.000270
0.252200	-0.000271
0.252400	-0.000272
0.252600	-0.000273
0.252800	-0.000274
0.253000	-0.000275
0.253200	-0.000277
0.253400	-0.000278
0.253600	-0.000279
0.253800	-0.000280
0.254000	-0.000281
0.254200	-0.000282
0.254400	-0.000283
0.254600	-0.000284
0.254800	-0.000285
0.255000	-0.000286
0.255200	-0.000287
0.255400	-0.000288
0.255600	-0.000289
0.255800	-0.000290
0.256000	-0.000291
0.256200	-0.000292
0.256400	-0.000293
0.256600	-0.000294
0.256800	-0.000295
0.257000	-0.000296
0.257200	-0.000297
0.257400	-0.000298
0.257600	-0.000299
0.257800	-0.000300
0.258000	-0.000301
0.258200	-0.000302
0.258400	-0.000303
0.258600	-0.000304
0.258800	-0.000305
0.259000	-0.000306
0.259200	-0.000307
0.259400	-0.000308
0.259600	-0.000309
0.259800	-0.000310
0.260000	-0.000311
0.260200	-0.000312
0.260400	-0.000313
0.260600	-0.000314
0.260800	-0.000315
0.261000	-0.000316
0.261200	-0.000317
0.261400	-0.000318
0.261600	-0.000319
0.261800	-0.000320
0.262000	-0.000320
0.262200	-0.000321
0.262400	-0.000322
0.262600	-0.000323
0.262800	-0.000324
0.263000	-0.000325
0.263200	-0.000326
0.263400	-0.000327
0.263600	-0.000328
0.263800	-0.000329
0.264000	-0.000329
0.264200	-0.000330
0.264400	-0.000331
0.264600	-0.000332
0.264800	-0.000333
0.265000	-0.000334
0.265200	-0.000335
0.265400	-0.000336
0.265600	-0.000336
0.265800	-0.000337
0.266000	-0.000338
0.266200	-0.000339
0.266400	-0.000340
0.266600	-0.000341
0.266800	-0.000341
0.267000	-0.000342
0.267200	-0.000343
0.267400	-0.000344
0.267600	-0.000345
0.267800	-0.000345
0.268000	-0.000346
0.268200	-0.000347
0.268400	-0.000348
0.268600	-0.000349
0.268800	-0.000349
0.269000	-0.000350
0.269200	-0.000351
0.269400	-0.000352
0.269600	-0.000353
0.269800	-0.000353
0.270000	-0.000354
0.270200	-0.000355
0.270400	-0.000356
0.270600	-0.000356
0.270800	-0.000357
0.271000	-0.000358
0.271200	-0.000359
0.271400	-0.000359
0.271600	-0.000360
0.271800	-0.000361
0.272000	-0.000362
0.272200	-0.000362
0.272400	-0.000363
0.272600	-0.000364
0.272800	-0.000364
0.273000	-0.000365
0.273200	-0.000366
0.273400	-0.000367
0.273600	-0.000367
0.273800	-0.000368
0.274000	-0.000369
0.274200	-0.000369
0.274400	-0.000370
0.274600	-0.000371
0.274800	-0.000371
0.275000	-0.000372
0.275200	-0.000373
0.275400	-0.000373
0.275600	-0.000374
0.275800	-0.000375
0.276000	-0.000375
0.276200	-0.000376
0.276400	-0.000377
0.276600	-0.000377
0.276800	-0.000378
0.277000	-0.000379
0.277200	-0.000379
0.277400	-0.000380
0.277600	-0.000380
0.277800	-0.000381
0.278000	-0.000382
0.278200	-0.000382
0.278400	-0.000383
0.278600	-0.000383
0.278800	-0.000384
0.279000	-0.000385
0.279200	-0.000385
0.279400	-0.000386
0.279600	-0.000386
0.279800	-0.000387
0.280000	-0.000388
0.280200	-0.000388
0.280400	-0.000389
0.280600	-0.000389
0.280800	-0.000390
0.281000	-0.000390
0.281200	-0.000391
0.281400	-0.000391
0.281600	-0.000392
0.281800	-0.000393
0.282000	-0.000393
0.282200	-0.000394
0.282400	-0.000394
0.282600	-0.000395
0.282800	-0.000395
0.283000	-0.000396
0.283200	-0.000396
0.283400	-0.000397
0.283600	-0.000397
0.283800	-0.000398
0.284000	-0.000398
0.284200	-0.000399
0.284400	-0.000399
0.284600	-0.000400
0.284800	-0.000400
0.285000	-0.000401
0.285200	-0.000401
0.285400	-0.000402
0.285600	-0.000402
0.285800	-0.000403
0.286000	-0.000403
0.286200	-0.000404
0.286400	-0.000404
0.286600	-0.000405
0.286800	-0.000405
0.287000	-0.000405
0.287200	-0.000406
0.287400	-0.000406
0.287600	-0.000407
0.287800	-0.000407
0.288000	-0.000408
0.288200	-0.000408
0.288400	-0.000409
0.288600	-0.000409
0.288800	-0.000409
0.289000	-0.000410
0.289200	-0.000410
0.289400	-0.000411
0.289600	-0.000411
0.289800	-0.000411
0.290000	-0.000412
0.290200	-0.000412
0.290400	-0.000413
0.290600	-0.000413
0.290800	-0.000413
0.291000	-0.000414
0.291200	-0.000414
0.291400	-0.000415
0.291600	-0.000415
0.291800	-0.000415
0.292000	-0.000416
0.292200	-0.000416
0.292400	-0.000416
0.292600	-0.000417
0.292800	-0.000417
0.293000	-0.000417
0.293200	-0.000418
0.293400	-0.000418
0.293600	-0.000419
0.293800	-0.000419
0.294000	-0.000419
0.294200	-0.000420
0.294400	-0.000420
0.294600	-0.000420
0.294800	-0.000421
0.295000	-0.000421
0.295200	-0.000421
0.295400	-0.000422
0.295600	-0.000422
0.295800	-0.000422
0.296000	-0.000422
0.296200	-0.000423
0.296400	-0.000423
0.296600	-0.000423
0.296800	-0.000424
0.297000	-0.000424
0.297200	-0.000424
0.297400	-0.000425
0.297600	-0.000425
0.297800	-0.000425
0.298000	-0.000425
0.298200	-0.000426
0.298400	-0.000426
0.298600	-0.000426
0.298800	-0.000427
0.299000	-0.000427
0.299200	-0.000427
0.299400	-0.000427
0.299600	-0.000428
0.299800	-0.000428
0.300000	-0.000428
0.300200	-0.000428
0.300400	-0.000429
0.300600	-0.000429
0.300800	-0.000429
0.301000	-0.000429
0.301200	-0.000430
0.301400	-0.000430
0.301600	-0.000430
0.301800	-0.000430
0.302000	-0.000431
0.302200	-0.000431
0.302400	-0.000431
0.302600	-0.000431
0.302800	-0.000431
0.303000	-0.000432
0.303200	-0.000432
0.303400	-0.000432
0.303600	-0.000432
0.303800	-0.000432
0.304000	-0.000433
0.304200	-0.000433
0.304400	-0.000433
0.304600	-0.000433
0.304800	-0.000433
0.305000	-0.000434
0.305200	-0.000434
0.305400	-0.000434
0.305600	-0.000434
0.305800	-0.000434
0.306000	-0.000435
0.306200	-0.000435
0.306400	-0.000435
0.306600	-0.000435
0.306800	-0.000435
0.307000	-0.000435
0.307200	-0.000436
0.307400	-0.000436
0.307600	-0.000436
0.307800	-0.000436
0.308000	-0.000436
0.308200	-0.000436
0.308400	-0.000437
0.308600	-0.000437
0.308800	-0.000437
0.309000	-0.000437
0.309200	-0.000437
0.309400	-0.000437
0.309600	-0.000437
0.309800	-0.000438
0.310000	-0.000438
0.310200	-0.000438
0.310400	-0.000438
0.310600	-0.000438
0.310800	-0.000438
0.311000	-0.000438
0.311200	-0.000438
0.311400	-0.000439
0.311600	-0.000439
0.311800	-0.000439
0.312000	-0.000439
0.312200	-0.000439
0.312400	-0.000439
0.312600	-0.000439
0.312800	-0.000439
0.313000	-0.000439
0.313200	-0.000439
0.313400	-0.000440
0.313600	-0.000440
0.313800	-0.000440
0.314000	-0.000440
0.314200	-0.000440
0.314400	-0.000440
0.314600	-0.000440
0.314800	-0.000440
0.315000	-0.000440
0.315200	-0.000440
0.315400	-0.000440
0.315600	-0.000440
0.315800	-0.000440
0.316000	-0.000441
0.316200	-0.000441
0.316400	-0.000441
0.316600	-0.000441
0.316800	-0.000441
0.317000	-0.000441
0.317200	-0.000441
0.317400	-0.000441
0.317600	-0.000441
0.317800	-0.000441
0.318000	-0.000441
0.318200	-0.000441
0.318400	-0.000441
0.318600	-0.000441
0.318800	-0.000441
0.319000	-0.000441
0.319200	-0.000441
0.319400	-0.000441
0.319600	-0.000441
0.319800	-0.000441
0.320000	-0.000441
0.320200	-0.000441
0.320400	-0.000442
0.320600	-0.000442
0.320800	-0.000442
0.321000	-0.000442
0.321200	-0.000442
0.321400	-0.000442
0.321600	-0.000442
0.321800	-0.000442
0.322000	-0.000442
0.322200	-0.000442
0.322400	-0.000442
0.322600	-0.000442
0.322800	-0.000442
0.323000	-0.000442
0.323200	-0.000442
0.323400	-0.000442
0.323600	-0.000442
0.323800	-0.000442
0.324000	-0.000442
0.324200	-0.000442
0.324400	-0.000442
0.324600	-0.000442
0.324800	-0.000442
0.325000	-0.000442
0.325200	-0.000442
0.325400	-0.000441
0.325600	-0.000441
0.325800	-0.000441
0.326000	-0.000441
0.326200	-0.000441
0.326400	-0.000441
0.326600	-0.000441
0.326800	-0.000441
0.327000	-0.000441
0.327200	-0.000441
0.327400	-0.000441
0.327600	-0.000441
0.327800	-0.000441
0.328000	-0.000441
0.328200	-0.000441
0.328400	-0.000441
0.328600	-0.000441
0.328800	-0.000441
0.329000	-0.000441
0.329200	-0.000441
0.329400	-0.000441
0.329600	-0.000441
0.329800	-0.000441
0.330000	-0.000441
0.330200	-0.000440
0.330400	-0.000440
0.330600	-0.000440
0.330800	-0.000440
0.331000	-0.000440
0.331200	-0.000440
0.331400	-0.000440
0.331600	-0.000440
0.331800	-0.000440
0.332000	-0.000440
0.332200	-0.000440
0.332400	-0.000440
0.332600	-0.000440
0.332800	-0.000440
0.333000	-0.000439
0.333200	-0.000439
0.333400	-0.000439
0.333600	-0.000439
0.333800	-0.000439
0.334000	-0.000439
0.334200	-0.000439
0.334400	-0.000439
0.334600	-0.000439
0.334800	-0.000439
0.335000	-0.000439
0.335200	-0.000438
0.335400	-0.000438
0.335600	-0.000438
0.335800	-0.000438
0.336000	-0.000438
0.336200	-0.000438
0.336400	-0.000438
0.336600	-0.000438
0.336800	-0.000438
0.337000	-0.000437
0.337200	-0.000437
0.337400	-0.000437
0.337600	-0.000437
0.337800	-0.000437
0.338000	-0.000437
0.338200	-0.000437
0.338400	-0.000437
0.338600	-0.000437
0.338800	-0.000436
0.339000	-0.000436
0.339200	-0.000436
0.339400	-0.000436
0.339600	-0.000436
0.339800	-0.000436
0.340000	-0.000436
0.340200	-0.000436
0.340400	-0.000435
0.340600	-0.000435
0.340800	-0.000435
0.341000	-0.000435
0.341200	-0.000435
0.341400	-0.000435
0.341600	-0.000435
0.341800	-0.000434
0.342000	-0.000434
0.342200	-0.000434
0.342400	-0.000434
0.342600	-0.000434
0.342800	-0.000434
0.343000	-0.000434
0.343200	-0.000433
0.343400	-0.000433
0.343600	-0.000433
0.343800	-0.000433
0.344000	-0.000433
0.344200	-0.000433
0.344400	-0.000432
0.344600	-0.000432
0.344800	-0.000432
0.345000	-0.000432
0.345200	-0.000432
0.345400	-0.000432
0.345600	-0.000432
0.345800	-0.000431
0.346000	-0.000431
0.346200	-0.000431
0.346400	-0.000431
0.346600	-0.000431
0.346800	-0.000431
0.347000	-0.000430
0.347200	-0.000430
0.347400	-0.000430
0.347600	-0.000430
0.347800	-0.000430
0.348000	-0.000430
0.348200	-0.000429
0.348400	-0.000429
0.348600	-0.000429
0.348800	-0.000429
0.349000	-0.000429
0.349200	-0.000429
0.349400	-0.000428
0.349600	-0.000428
0.349800	-0.000428
0.350000	-0.000428
0.350200	-0.000428
0.350400	-0.000427
0.350600	-0.000427
0.350800	-0.000427
0.351000	-0.000427
0.351200	-0.000427
0.351400	-0.000427
0.351600	-0.000426
0.351800	-0.000426
0.352000	-0.000426
0.352200	-0.000426
0.352400	-0.000426
0.352600	-0.000425
0.352800	-0.000425
0.353000	-0.000425
0.353200	-0.000425
0.353400	-0.000425
0.353600	-0.000425
0.353800	-0.000424
0.354000	-0.000424
0.354200	-0.000424
0.354400	-0.000424
0.354600	-0.000424
0.354800	-0.000423
0.355000	-0.000423
0.355200	-0.000423
0.355400	-0.000423
0.355600	-0.000423
0.355800	-0.000422
0.356000	-0.000422
0.356200	-0.000422
0.356400	-0.000422
0.356600	-0.000422
0.356800	-0.000421
0.357000	-0.000421
0.357200	-0.000421
0.357400	-0.000421
0.357600	-0.000421
0.357800	-0.000420
0.358000	-0.000420
0.358200	-0.000420
0.358400	-0.000420
0.358600	-0.000420
0.358800	-0.000419
0.359000	-0.000419
0.359200	-0.000419
0.359400	-0.000419
0.359600	-0.000419
0.359800	-0.000418
0.360000	-0.000418
0.360200	-0.000418
0.360400	-0.000418
0.360600	-0.000418
0.360800	-0.000418
0.361000	-0.000417
0.361200	-0.000417
0.361400	-0.000417
0.361600	-0.000417
0.361800	-0.000417
0.362000	-0.000416
0.362200	-0.000416
0.362400	-0.000416
0.362600	-0.000416
0.362800	-0.000416
0.363000	-0.000415
0.363200	-0.000415
0.363400	-0.000415
0.363600	-0.000415
0.363800	-0.000415
0.364000	-0.000414
0.364200	-0.000414
0.364400	-0.000414
0.364600	-0.000414
0.364800	-0.000414
0.365000	-0.000413
0.365200	-0.000413
0.365400	-0.000413
0.365600	-0.000413
0.365800	-0.000413
0.366000	-0.000412
0.366200	-0.000412
0.366400	-0.000412
0.366600	-0.000412
0.366800	-0.000412
0.367000	-0.000411
0.367200	-0.000411
0.367400	-0.000411
0.367600	-0.000411
0.367800	-0.000411
0.368000	-0.000410
0.368200	-0.000410
0.368400	-0.000410
0.368600	-0.000410
0.368800	-0.000410
0.369000	-0.000409
0.369200	-0.000409
0.369400	-0.000409
0.369600	-0.000409
0.369800	-0.000409
0.370000	-0.000408
0.370200	-0.000408
0.370400	-0.000408
0.370600	-0.000408
0.370800	-0.000408
0.371000	-0.000407
0.371200	-0.000407
0.371400	-0.000407
0.371600	-0.000407
0.371800	-0.000407
0.372000	-0.000407
0.372200	-0.000406
0.372400	-0.000406
0.372600	-0.000406
0.372800	-0.000406
0.373000	-0.000406
0.373200	-0.000405
0.373400	-0.000405
0.373600	-0.000405
0.373800	-0.000405
0.374000	-0.000405
0.374200	-0.000405
0.374400	-0.000404
0.374600	-0.000404
0.374800	-0.000404
0.375000	-0.000404
0.375200	-0.000404
0.375400	-0.000403
0.375600	-0.000403
0.375800	-0.000403
0.376000	-0.000403
0.376200	-0.000403
0.376400	-0.000403
0.376600	-0.000402
0.376800	-0.000402
0.377000	-0.000402
0.377200	-0.000402
0.377400	-0.000402
0.377600	-0.000402
0.377800	-0.000401
0.378000	-0.000401
0.378200	-0.000401
0.378400	-0.000401
0.378600	-0.000401
0.378800	-0.000401
0.379000	-0.000400
0.379200	-0.000400
0.379400	-0.000400
0.379600	-0.000400
0.379800	-0.000400
0.380000	-0.000400
0.380200	-0.000399
0.380400	-0.000399
0.380600	-0.000399
0.380800	-0.000399
0.381000	-0.000399
0.381200	-0.000399
0.381400	-0.000399
0.381600	-0.000398
0.381800	-0.000398
0.382000	-0.000398
0.382200	-0.000398
0.382400	-0.000398
0.382600	-0.000398
0.382800	-0.000398
0.383000	-0.000397
0.383200	-0.000397
0.383400	-0.000397
0.383600	-0.000397
0.383800	-0.000397
0.384000	-0.000397
0.384200	-0.000397
0.384400	-0.000396
0.384600	-0.000396
0.384800	-0.000396
0.385000	-0.000396
0.385200	-0.000396
0.385400	-0.000396
0.385600	-0.000396
0.385800	-0.000396
0.386000	-0.000395
0.386200	-0.000395
0.386400	-0.000395
0.386600	-0.000395
0.386800	-0.000395
0.387000	-0.000395
0.387200	-0.000395
0.387400	-0.000395
0.387600	-0.000394
0.387800	-0.000394
0.388000	-0.000394
0.388200	-0.000394
0.388400	-0.000394
0.388600	-0.000394
0.388800	-0.000394
0.389000	-0.000394
0.389200	-0.000394
0.389400	-0.000393
0.389600	-0.000393
0.389800	-0.000393
0.390000	-0.000393
0.390200	-0.000393
0.390400	-0.000393
0.390600	-0.000393
0.390800	-0.000393
0.391000	-0.000393
0.391200	-0.000393
0.391400	-0.000392
0.391600	-0.000392
0.391800	-0.000392
0.392000	-0.000392
0.392200	-0.000392
0.392400	-0.000392
0.392600	-0.000392
0.392800	-0.000392
0.393000	-0.000392
0.393200	-0.000392
0.393400	-0.000392
0.393600	-0.000392
0.393800	-0.000391
0.394000	-0.000391
0.394200	-0.000391
0.394400	-0.000391
0.394600	-0.000391
0.394800	-0.000391
0.395000	-0.000391
0.395200	-0.000391
0.395400	-0.000391
0.395600	-0.000391
0.395800	-0.000391
0.396000	-0.000391
0.396200	-0.000391
0.396400	-0.000391
0.396600	-0.000390
0.396800	-0.000390
0.397000	-0.000390
0.397200	-0.000390
0.397400	-0.000390
0.397600	-0.000390
0.397800	-0.000390
0.398000	-0.000390
0.398200	-0.000390
0.398400	-0.000390
0.398600	-0.000390
0.398800	-0.000390
0.399000	-0.000390
0.399200	-0.000390
0.399400	-0.000390
0.399600	-0.000390
0.399800	-0.000390
0.400000	-0.000390
0.400200	-0.000390
0.400400	-0.000390
0.400600	-0.000390
0.400800	-0.000390
0.401000	-0.000389
0.401200	-0.000389
0.401400	-0.000389
0.401600	-0.000389
0.401800	-0.000389
0.402000	-0.000389
0.402200	-0.000389
0.402400	-0.000389
0.402600	-0.000389
0.402800	-0.000389
0.403000	-0.000389
0.403200	-0.000389
0.403400	-0.000389
0.403600	-0.000389
0.403800	-0.000389
0.404000	-0.000389
0.404200	-0.000389
0.404400	-0.000389
0.404600	-0.000389
0.404800	-0.000389
0.405000	-0.000389
0.405200	-0.000389
0.405400	-0.000389
0.405600	-0.000389
0.405800	-0.000389
0.406000	-0.000389
0.406200	-0.000389
0.406400	-0.000389
0.406600	-0.000389
0.406800	-0.000389
0.407000	-0.000389
0.407200	-0.000389
0.407400	-0.000389
0.407600	-0.000389
0.407800	-0.000389
0.408000	-0.000389
0.408200	-0.000389
0.408400	-0.000389
0.408600	-0.000389
0.408800	-0.000389
0.409000	-0.000389
0.409200	-0.000389
0.409400	-0.000389
0.409600	-0.000389
0.409800	-0.000389
0.410000	-0.000389
0.410200	-0.000389
0.410400	-0.000389
0.410600	-0.000389
0.410800	-0.000389
0.411000	-0.000389
0.411200	-0.000389
0.411400	-0.000389
0.411600	-0.000390
0.411800	-0.000390
0.412000	-0.000390
0.412200	-0.000390
0.412400	-0.000390
0.412600	-0.000390
0.412800	-0.000390
0.413000	-0.000390
0.413200	-0.000390
0.413400	-0.000390
0.413600	-0.000390
0.413800	-0.000390
0.414000	-0.000390
0.414200	-0.000390
0.414400	-0.000390
0.414600	-0.000390
0.414800	-0.000390
0.415000	-0.000390
0.415200	-0.000390
0.415400	-0.000390
0.415600	-0.000390
0.415800	-0.000390
0.416000	-0.000390
0.416200	-0.000390
0.416400	-0.000391
0.416600	-0.000391
0.416800	-0.000391
0.417000	-0.000391
0.417200	-0.000391
0.417400	-0.000391
0.417600	-0.000391
0.417800	-0.000391
0.418000	-0.000391
0.418200	-0.000391
0.418400	-0.000391
0.418600	-0.000391
0.418800	-0.000391
0.419000	-0.000391
0.419200	-0.000391
0.419400	-0.000391
0.419600	-0.000391
0.419800	-0.000392
0.420000	-0.000392
0.420200	-0.000392
0.420400	-0.000392
0.420600	-0.000392
0.420800	-0.000392
0.421000	-0.000392
0.421200	-0.000392
0.421400	-0.000392
0.421600	-0.000392
0.421800	-0.000392
0.422000	-0.000392
0.422200	-0.000392
0.422400	-0.000392
0.422600	-0.000392
0.422800	-0.000393
0.423000	-0.000393
0.423200	-0.000393
0.423400	-0.000393
0.423600	-0.000393
0.423800	-0.000393
0.424000	-0.000393
0.424200	-0.000393
0.424400	-0.000393
0.424600	-0.000393
0.424800	-0.000393
0.425000	-0.000393
0.425200	-0.000393
0.425400	-0.000394
0.425600	-0.000394
0.425800	-0.000394
0.426000	-0.000394
0.426200	-0.000394
0.426400	-0.000394
0.426600	-0.000394
0.426800	-0.000394
0.427000	-0.000394
0.427200	-0.000394
0.427400	-0.000394
0.427600	-0.000394
0.427800	-0.000394
0.428000	-0.000395
0.428200	-0.000395
0.428400	-0.000395
0.428600	-0.000395
0.428800	-0.000395
0.429000	-0.000395
0.429200	-0.000395
0.429400	-0.000395
0.429600	-0.000395
0.429800	-0.000395
0.430000	-0.000395
0.430200	-0.000395
0.430400	-0.000396
0.430600	-0.000396
0.430800	-0.000396
0.431000	-0.000396
0.431200	-0.000396
0.431400	-0.000396
0.431600	-0.000396
0.431800	-0.000396
0.432000	-0.000396
0.432200	-0.000396
0.432400	-0.000396
0.432600	-0.000396
0.432800	-0.000397
0.433000	-0.000397
0.433200	-0.000397
0.433400	-0.000397
0.433600	-0.000397
0.433800	-0.000397
0.434000	-0.000397
0.434200	-0.000397
0.434400	-0.000397
0.434600	-0.000397
0.434800	-0.000397
0.435000	-0.000397
0.435200	-0.000398
0.435400	-0.000398
0.435600	-0.000398
0.435800	-0.000398
0.436000	-0.000398
0.436200	-0.000398
0.436400	-0.000398
0.436600	-0.000398
0.436800	-0.000398
0.437000	-0.000398
0.437200	-0.000398
0.437400	-0.000398
0.437600	-0.000398
0.437800	-0.000399
0.438000	-0.000399
0.438200	-0.000399
0.438400	-0.000399
0.438600	-0.000399
0.438800	-0.000399
0.439000	-0.000399
0.439200	-0.000399
0.439400	-0.000399
0.439600	-0.000399
0.439800	-0.000399
0.440000	-0.000399
0.440200	-0.000399
0.440400	-0.000400
0.440600	-0.000400
0.440800	-0.000400
0.441000	-0.000400
0.441200	-0.000400
0.441400	-0.000400
0.441600	-0.000400
0.441800	-0.000400
0.442000	-0.000400
0.442200	-0.000400
0.442400	-0.000400
0.442600	-0.000400
0.442800	-0.000400
0.443000	-0.000400
0.443200	-0.000400
0.443400	-0.000401
0.443600	-0.000401
0.443800	-0.000401
0.444000	-0.000401
0.444200	-0.000401
0.444400	-0.000401
0.444600	-0.000401
0.444800	-0.000401
0.445000	-0.000401
0.445200	-0.000401
0.445400	-0.000401
0.445600	-0.000401
0.445800	-0.000401
0.446000	-0.000401
0.446200	-0.000401
0.446400	-0.000401
0.446600	-0.000402
0.446800	-0.000402
0.447000	-0.000402
0.447200	-0.000402
0.447400	-0.000402
0.447600	-0.000402
0.447800	-0.000402
0.448000	-0.000402
0.448200	-0.000402
0.448400	-0.000402
0.448600	-0.000402
0.448800	-0.000402
0.449000	-0.000402
0.449200	-0.000402
0.449400	-0.000402
0.449600	-0.000402
0.449800	-0.000402
0.450000	-0.000402
0.450200	-0.000402
0.450400	-0.000402
0.450600	-0.000402
0.450800	-0.000402
0.451000	-0.000403
0.451200	-0.000403
0.451400	-0.000403
0.451600	-0.000403
0.451800	-0.000403
0.452000	-0.000403
0.452200	-0.000403
0.452400	-0.000403
0.452600	-0.000403
0.452800	-0.000403
0.453000	-0.000403
0.453200	-0.000403
0.453400	-0.000403
0.453600	-0.000403
0.453800	-0.000403
0.454000	-0.000403
0.454200	-0.000403
0.454400	-0.000403
0.454600	-0.000403
0.454800	-0.000403
0.455000	-0.000403
0.455200	-0.000403
0.455400	-0.000403
0.455600	-0.000403
0.455800	-0.000403
0.456000	-0.000403
0.456200	-0.000403
0.456400	-0.000403
0.456600	-0.000403
0.456800	-0.000403
0.457000	-0.000403
0.457200	-0.000403
0.457400	-0.000403
0.457600	-0.000403
0.457800	-0.000403
0.458000	-0.000403
0.458200	-0.000403
0.458400	-0.000403
0.458600	-0.000403
0.458800	-0.000403
0.459000	-0.000403
0.459200	-0.000403
0.459400	-0.000403
0.459600	-0.000403
0.459800	-0.000403
0.460000	-0.000403
0.460200	-0.000403
0.460400	-0.000403
0.460600	-0.000403
0.460800	-0.000403
0.461000	-0.000403
0.461200	-0.000403
0.461400	-0.000403
0.461600	-0.000403
0.461800	-0.000403
0.462000	-0.000403
0.462200	-0.000403
0.462400	-0.000403
0.462600	-0.000403
0.462800	-0.000403
0.463000	-0.000403
0.463200	-0.000403
0.463400	-0.000403
0.463600	-0.000403
0.463800	-0.000403
0.464000	-0.000403
0.464200	-0.000403
0.464400	-0.000403
0.464600	-0.000403
0.464800	-0.000403
0.465000	-0.000403
0.465200	-0.000403
0.465400	-0.000403
0.465600	-0.000403
0.465800	-0.000403
0.466000	-0.000403
0.466200	-0.000403
0.466400	-0.000403
0.466600	-0.000403
0.466800	-0.000403
0.467000	-0.000403
0.467200	-0.000403
0.467400	-0.000403
0.467600	-0.000403
0.467800	-0.000403
0.468000	-0.000402
0.468200	-0.000402
0.468400	-0.000402
0.468600	-0.000402
0.468800	-0.000402
0.469000	-0.000402
0.469200	-0.000402
0.469400	-0.000402
0.469600	-0.000402
0.469800	-0.000402
0.470000	-0.000402
0.470200	-0.000402
0.470400	-0.000402
0.470600	-0.000402
0.470800	-0.000402
0.471000	-0.000402
0.471200	-0.000402
0.471400	-0.000402
0.471600	-0.000402
0.471800	-0.000402
0.472000	-0.000402
0.472200	-0.000402
0.472400	-0.000401
0.472600	-0.000401
0.472800	-0.000401
0.473000	-0.000401
0.473200	-0.000401
0.473400	-0.000401
0.473600	-0.000401
0.473800	-0.000401
0.474000	-0.000401
0.474200	-0.000401
0.474400	-0.000401
0.474600	-0.000401
0.474800	-0.000401
0.475000	-0.000401
0.475200	-0.000401
0.475400	-0.000401
0.475600	-0.000400
0.475800	-0.000400
0.476000	-0.000400
0.476200	-0.000400
0.476400	-0.000400
0.476600	-0.000400
0.476800	-0.000400
0.477000	-0.000400
0.477200	-0.000400
0.477400	-0.000400
0.477600	-0.000400
0.477800	-0.000400
0.478000	-0.000400
0.478200	-0.000400
0.478400	-0.000400
0.478600	-0.000399
0.478800	-0.000399
0.479000	-0.000399
0.479200	-0.000399
0.479400	-0.000399
0.479600	-0.000399
0.479800	-0.000399
0.480000	-0.000399
0.480200	-0.000399
0.480400	-0.000399
0.480600	-0.000399
0.480800	-0.000399
0.481000	-0.000399
0.481200	-0.000398
0.481400	-0.000398
0.481600	-0.000398
0.481800	-0.000398
0.482000	-0.000398
0.482200	-0.000398
0.482400	-0.000398
0.482600	-0.000398
0.482800	-0.000398
0.483000	-0.000398
0.483200	-0.000398
0.483400	-0.000398
0.483600	-0.000398
0.483800	-0.000397
0.484000	-0.000397
0.484200	-0.000397
0.484400	-0.000397
0.484600	-0.000397
0.484800	-0.000397
0.485000	-0.000397
0.485200	-0.000397
0.485400	-0.000397
0.485600	-0.000397
0.485800	-0.000397
0.486000	-0.000397
0.486200	-0.000396
0.486400	-0.000396
0.486600	-0.000396
0.486800	-0.000396
0.487000	-0.000396
0.487200	-0.000396
0.487400	-0.000396
0.487600	-0.000396
0.487800	-0.000396
0.488000	-0.000396
0.488200	-0.000396
0.488400	-0.000396
0.488600	-0.000395
0.488800	-0.000395
0.489000	-0.000395
0.489200	-0.000395
0.489400	-0.000395
0.489600	-0.000395
0.489800	-0.000395
0.490000	-0.000395
0.490200	-0.000395
0.490400	-0.000395
0.490600	-0.000395
0.490800	-0.000395
0.491000	-0.000394
0.491200	-0.000394
0.491400	-0.000394
0.491600	-0.000394
0.491800	-0.000394
0.492000	-0.000394
0.492200	-0.000394
0.492400	-0.000394
0.492600	-0.000394
0.492800	-0.000394
0.493000	-0.000394
0.493200	-0.000394
0.493400	-0.000394
0.493600	-0.000393
0.493800	-0.000393
0.494000	-0.000393
0.494200	-0.000393
0.494400	-0.000393
0.494600	-0.000393
0.494800	-0.000393
0.495000	-0.000393
0.495200	-0.000393
0.495400	-0.000393
0.495600	-0.000393
0.495800	-0.000393
0.496000	-0.000393
0.496200	-0.000392
0.496400	-0.000392
0.496600	-0.000392
0.496800	-0.000392
0.497000	-0.000392
0.497200	-0.000392
0.497400	-0.000392
0.497600	-0.000392
0.497800	-0.000392
0.498000	-0.000392
0.498200	-0.000392
0.498400	-0.000392
0.498600	-0.000392
0.498800	-0.000392
0.499000	-0.000392
0.499200	-0.000391
0.499400	-0.000391
0.499600	-0.000391
0.499800	-0.000391
0.500000	-0.000391
0.500200	-0.000391
0.500400	-0.000391
0.500600	-0.000391
0.500800	-0.000391
0.501000	-0.000391
0.501200	-0.000391
0.501400	-0.000391
0.501600	-0.000391
0.501800	-0.000391
0.502000	-0.000391
0.502200	-0.000391
0.502400	-0.000391
0.502600	-0.000390
0.502800	-0.000390
0.503000	-0.000390
0.503200	-0.000390
0.503400	-0.000390
0.503600	-0.000390
0.503800	-0.000390
0.504000	-0.000390
0.504200	-0.000390
0.504400	-0.000390
0.504600	-0.000390
0.504800	-0.000390
0.505000	-0.000390
0.505200	-0.000390
0.505400	-0.000390
0.505600	-0.000390
0.505800	-0.000390
0.506000	-0.000390
0.506200	-0.000390
0.506400	-0.000390
0.506600	-0.000390
0.506800	-0.000390
0.507000	-0.000390
0.507200	-0.000390
0.507400	-0.000389
0.507600	-0.000389
0.507800	-0.000389
0.508000	-0.000389
0.508200	-0.000389
0.508400	-0.000389
0.508600	-0.000389
0.508800	-0.000389
0.509000	-0.000389
0.509200	-0.000389
0.509400	-0.000389
0.509600	-0.000389
0.509800	-0.000389
0.510000	-0.000389
0.510200	-0.000389
0.510400	-0.000389
0.510600	-0.000389
0.510800	-0.000389
0.511000	-0.000389
0.511200	-0.000389
0.511400	-0.000389
0.511600	-0.000389
0.511800	-0.000389
0.512000	-0.000389
0.512200	-0.000389
0.512400	-0.000389
0.512600	-0.000389
0.512800	-0.000389
0.513000	-0.000389
0.513200	-0.000389
0.513400	-0.000389
0.513600	-0.000389
0.513800	-0.000389
0.514000	-0.000389
0.514200	-0.000389
0.514400	-0.000389
0.514600	-0.000389
0.514800	-0.000389
0.515000	-0.000389
0.515200	-0.000389
0.515400	-0.000389
0.515600	-0.000389
0.515800	-0.000389
0.516000	-0.000389
0.516200	-0.000389
0.516400	-0.000389
0.516600	-0.000389
0.516800	-0.000389
0.517000	-0.000389
0.517200	-0.000389
0.517400	-0.000389
0.517600	-0.000389
0.517800	-0.000389
0.518000	-0.000390
0.518200	-0.000390
0.518400	-0.000390
0.518600	-0.000390
0.518800	-0.000390
0.519000	-0.000390
0.519200	-0.000390
0.519400	-0.000390
0.519600	-0.000390
0.519800	-0.000390
0.520000	-0.000390
0.520200	-0.000390
0.520400	-0.000390
0.520600	-0.000390
0.520800	-0.000390
0.521000	-0.000390
0.521200	-0.000390
0.521400	-0.000390
0.521600	-0.000390
0.521800	-0.000390
0.522000	-0.000390
0.522200	-0.000390
0.522400	-0.000391
0.522600	-0.000391
0.522800	-0.000391
0.523000	-0.000391
0.523200	-0.000391
0.523400	-0.000391
0.523600	-0.000391
0.523800	-0.000391
0.524000	-0.000391
0.524200	-0.000391
0.524400	-0.000391
0.524600	-0.000391
0.524800	-0.000391
0.525000	-0.000391
0.525200	-0.000392
0.525400	-0.000392
0.525600	-0.000392
0.525800	-0.000392
0.526000	-0.000392
0.526200	-0.000392
0.526400	-0.000392
0.526600	-0.000392
0.526800	-0.000392
0.527000	-0.000392
0.527200	-0.000392
0.527400	-0.000392
0.527600	-0.000393
0.527800	-0.000393
0.528000	-0.000393
0.528200	-0.000393
0.528400	-0.000393
0.528600	-0.000393
0.528800	-0.000393
0.529000	-0.000393
0.529200	-0.000393
0.529400	-0.000393
0.529600	-0.000394
0.529800	-0.000394
0.530000	-0.000394
0.530200	-0.000394
0.530400	-0.000394
0.530600	-0.000394
0.530800	-0.000394
0.531000	-0.000394
0.531200	-0.000394
0.531400	-0.000395
0.531600	-0.000395
0.531800	-0.000395
0.532000	-0.000395
0.532200	-0.000395
0.532400	-0.000395
0.532600	-0.000395
0.532800	-0.000395
0.533000	-0.000396
0.533200	-0.000396
0.533400	-0.000396
0.533600	-0.000396
0.533800	-0.000396
0.534000	-0.000396
0.534200	-0.000396
0.534400	-0.000396
0.534600	-0.000397
0.534800	-0.000397
0.535000	-0.000397
0.535200	-0.000397
0.535400	-0.000397
0.535600	-0.000397
0.535800	-0.000397
0.536000	-0.000398
0.536200	-0.000398
0.536400	-0.000398
0.536600	-0.000398
0.536800	-0.000398
0.537000	-0.000398
0.537200	-0.000398
0.537400	-0.000399
0.537600	-0.000399
0.537800	-0.000399
0.538000	-0.000399
0.538200	-0.000399
0.538400	-0.000399
0.538600	-0.000399
0.538800	-0.000400
0.539000	-0.000400
0.539200	-0.000400
0.539400	-0.000400
0.539600	-0.000400
0.539800	-0.000400
0.540000	-0.000401
0.540200	-0.000401
0.540400	-0.000401
0.540600	-0.000401
0.540800	-0.000401
0.541000	-0.000401
0.541200	-0.000402
0.541400	-0.000402
0.541600	-0.000402
0.541800	-0.000402
0.542000	-0.000402
0.542200	-0.000402
0.542400	-0.000403
0.542600	-0.000403
0.542800	-0.000403
0.543000	-0.000403
0.543200	-0.000403
0.543400	-0.000403
0.543600	-0.000404
0.543800	-0.000404
0.544000	-0.000404
0.544200	-0.000404
0.544400	-0.000404
0.544600	-0.000405
0.544800	-0.000405
0.545000	-0.000405
0.545200	-0.000405
0.545400	-0.000405
0.545600	-0.000405
0.545800	-0.000406
0.546000	-0.000406
0.546200	-0.000406
0.546400	-0.000406
0.546600	-0.000406
0.546800	-0.000407
0.547000	-0.000407
0.547200	-0.000407
0.547400	-0.000407
0.547600	-0.000407
0.547800	-0.000407
0.548000	-0.000408
0.548200	-0.000408
0.548400	-0.000408
0.548600	-0.000408
0.548800	-0.000408
0.549000	-0.000409
0.549200	-0.000409
0.549400	-0.000409
0.549600	-0.000409
0.549800	-0.000409
0.550000	-0.000410
0.550200	-0.000410
0.550400	-0.000410
0.550600	-0.000410
0.550800	-0.000410
0.551000	-0.000411
0.551200	-0.000411
0.551400	-0.000411
0.551600	-0.000411
0.551800	-0.000411
0.552000	-0.000412
0.552200	-0.000412
0.552400	-0.000412
0.552600	-0.000412
0.552800	-0.000412
0.553000	-0.000413
0.553200	-0.000413
0.553400	-0.000413
0.553600	-0.000413
0.553800	-0.000413
0.554000	-0.000414
0.554200	-0.000414
0.554400	-0.000414
0.554600	-0.000414
0.554800	-0.000414
0.555000	-0.000415
0.555200	-0.000415
0.555400	-0.000415
0.555600	-0.000415
0.555800	-0.000415
0.556000	-0.000416
0.556200	-0.000416
0.556400	-0.000416
0.556600	-0.000416
0.556800	-0.000416
0.557000	-0.000417
0.557200	-0.000417
0.557400	-0.000417
0.557600	-0.000417
0.557800	-0.000417
0.558000	-0.000418
0.558200	-0.000418
0.558400	-0.000418
0.558600	-0.000418
0.558800	-0.000418
0.559000	-0.000418
0.559200	-0.000419
0.559400	-0.000419
0.559600	-0.000419
0.559800	-0.000419
0.560000	-0.000419
0.560200	-0.000420
0.560400	-0.000420
0.560600	-0.000420
0.560800	-0.000420
0.561000	-0.000420
0.561200	-0.000421
0.561400	-0.000421
0.561600	-0.000421
0.561800	-0.000421
0.562000	-0.000421
0.562200	-0.000422
0.562400	-0.000422
0.562600	-0.000422
0.562800	-0.000422
0.563000	-0.000422
0.563200	-0.000423
0.563400	-0.000423
0.563600	-0.000423
0.563800	-0.000423
0.564000	-0.000423
0.564200	-0.000424
0.564400	-0.000424
0.564600	-0.000424
0.564800	-0.000424
0.565000	-0.000424
0.565200	-0.000425
0.565400	-0.000425
0.565600	-0.000425
0.565800	-0.000425
0.566000	-0.000425
0.566200	-0.000425
0.566400	-0.000426
0.566600	-0.000426
0.566800	-0.000426
0.567000	-0.000426
0.567200	-0.000426
0.567400	-0.000427
0.567600	-0.000427
0.567800	-0.000427
0.568000	-0.000427
0.568200	-0.000427
0.568400	-0.000427
0.568600	-0.000428
0.568800	-0.000428
0.569000	-0.000428
0.569200	-0.000428
0.569400	-0.000428
0.569600	-0.000429
0.569800	-0.000429
0.570000	-0.000429
0.570200	-0.000429
0.570400	-0.000429
0.570600	-0.000429
0.570800	-0.000430
0.571000	-0.000430
0.571200	-0.000430
0.571400	-0.000430
0.571600	-0.000430
0.571800	-0.000430
0.572000	-0.000431
0.572200	-0.000431
0.572400	-0.000431
0.572600	-0.000431
0.572800	-0.000431
0.573000	-0.000431
0.573200	-0.000432
0.573400	-0.000432
0.573600	-0.000432
0.573800	-0.000432
0.574000	-0.000432
0.574200	-0.000432
0.574400	-0.000432
0.574600	-0.000433
0.574800	-0.000433
0.575000	-0.000433
0.575200	-0.000433
0.575400	-0.000433
0.575600	-0.000433
0.575800	-0.000434
0.576000	-0.000434
0.576200	-0.000434
0.576400	-0.000434
0.576600	-0.000434
0.576800	-0.000434
0.577000	-0.000434
0.577200	-0.000435
0.577400	-0.000435
0.577600	-0.000435
0.577800	-0.000435
0.578000	-0.000435
0.578200	-0.000435
0.578400	-0.000435
0.578600	-0.000436
0.578800	-0.000436
0.579000	-0.000436
0.579200	-0.000436
0.579400	-0.000436
0.579600	-0.000436
0.579800	-0.000436
0.580000	-0.000436
0.580200	-0.000437
0.580400	-0.000437
0.580600	-0.000437
0.580800	-0.000437
0.581000	-0.000437
0.581200	-0.000437
0.581400	-0.000437
0.581600	-0.000437
0.581800	-0.000437
0.582000	-0.000438
0.582200	-0.000438
0.582400	-0.000438
0.582600	-0.000438
0.582800	-0.000438
0.583000	-0.000438
0.583200	-0.000438
0.583400	-0.000438
0.583600	-0.000438
0.583800	-0.000439
0.584000	-0.000439
0.584200	-0.000439
0.584400	-0.000439
0.584600	-0.000439
0.584800	-0.000439
0.585000	-0.000439
0.585200	-0.000439
0.585400	-0.000439
0.585600	-0.000439
0.585800	-0.000439
0.586000	-0.000440
0.586200	-0.000440
0.586400	-0.000440
0.586600	-0.000440
0.586800	-0.000440
0.587000	-0.000440
0.587200	-0.000440
0.587400	-0.000440
0.587600	-0.000440
0.587800	-0.000440
0.588000	-0.000440
0.588200	-0.000440
0.588400	-0.000440
0.588600	-0.000440
0.588800	-0.000441
0.589000	-0.000441
0.589200	-0.000441
0.589400	-0.000441
0.589600	-0.000441
0.589800	-0.000441
0.590000	-0.000441
0.590200	-0.000441
0.590400	-0.000441
0.590600	-0.000441
0.590800	-0.000441
0.591000	-0.000441
0.591200	-0.000441
0.591400	-0.000441
0.591600	-0.000441
0.591800	-0.000441
0.592000	-0.000441
0.592200	-0.000441
0.592400	-0.000441
0.592600	-0.000441
0.592800	-0.000441
0.593000	-0.000441
0.593200	-0.000441
0.593400	-0.000441
0.593600	-0.000442
0.593800	-0.000442
0.594000	-0.000442
0.594200	-0.000442
0.594400	-0.000442
0.594600	-0.000442
0.594800	-0.000442
0.595000	-0.000442
0.595200	-0.000442
0.595400	-0.000442
0.595600	-0.000442
0.595800	-0.000442
0.596000	-0.000442
0.596200	-0.000442
0.596400	-0.000442
0.596600	-0.000442
0.596800	-0.000442
0.597000	-0.000442
0.597200	-0.000442
0.597400	-0.000442
0.597600	-0.000442
0.597800	-0.000442
0.598000	-0.000442
0.598200	-0.000442
0.598400	-0.000442
0.598600	-0.000441
0.598800	-0.000441
0.599000	-0.000441
0.599200	-0.000441
0.599400	-0.000441
0.599600	-0.000441
0.599800	-0.000441
0.600000	-0.000441
0.600200	-0.000441
0.600400	-0.000441
0.600600	-0.000441
0.600800	-0.000441
0.601000	-0.000441
0.601200	-0.000441
0.601400	-0.000441
0.601600	-0.000441
0.601800	-0.000441
0.602000	-0.000441
0.602200	-0.000441
0.602400	-0.000441
0.602600	-0.000441
0.602800	-0.000441
0.603000	-0.000440
0.603200	-0.000440
0.603400	-0.000440
0.603600	-0.000440
0.603800	-0.000440
0.604000	-0.000440
0.604200	-0.000440
0.604400	-0.000440
0.604600	-0.000440
0.604800	-0.000440
0.605000	-0.000440
0.605200	-0.000440
0.605400	-0.000440
0.605600	-0.000439
0.605800	-0.000439
0.606000	-0.000439
0.606200	-0.000439
0.606400	-0.000439
0.606600	-0.000439
0.606800	-0.000439
0.607000	-0.000439
0.607200	-0.000439
0.607400	-0.000439
0.607600	-0.000438
0.607800	-0.000438
0.608000	-0.000438
0.608200	-0.000438
0.608400	-0.000438
0.608600	-0.000438
0.608800	-0.000438
0.609000	-0.000438
0.609200	-0.000437
0.609400	-0.000437
0.609600	-0.000437
0.609800	-0.000437
0.610000	-0.000437
0.610200	-0.000437
0.610400	-0.000437
0.610600	-0.000436
0.610800	-0.000436
0.611000	-0.000436
0.611200	-0.000436
0.611400	-0.000436
0.611600	-0.000436
0.611800	-0.000435
0.612000	-0.000435
0.612200	-0.000435
0.612400	-0.000435
0.612600	-0.000435
0.612800	-0.000435
0.613000	-0.000434
0.613200	-0.000434
0.613400	-0.000434
0.613600	-0.000434
0.613800	-0.000434
0.614000	-0.000433
0.614200	-0.000433
0.614400	-0.000433
0.614600	-0.000433
0.614800	-0.000433
0.615000	-0.000432
0.615200	-0.000432
0.615400	-0.000432
0.615600	-0.000432
0.615800	-0.000432
0.616000	-0.000431
0.616200	-0.000431
0.616400	-0.000431
0.616600	-0.000431
0.616800	-0.000431
0.617000	-0.000430
0.617200	-0.000430
0.617400	-0.000430
0.617600	-0.000430
0.617800	-0.000429
0.618000	-0.000429
0.618200	-0.000429
0.618400	-0.000429
0.618600	-0.000428
0.618800	-0.000428
0.619000	-0.000428
0.619200	-0.000428
0.619400	-0.000427
0.619600	-0.000427
0.619800	-0.000427
0.620000	-0.000427
0.620200	-0.000426
0.620400	-0.000426
0.620600	-0.000426
0.620800	-0.000425
0.621000	-0.000425
0.621200	-0.000425
0.621400	-0.000425
0.621600	-0.000424
0.621800	-0.000424
0.622000	-0.000424
0.622200	-0.000423
0.622400	-0.000423
0.622600	-0.000423
0.622800	-0.000422
0.623000	-0.000422
0.623200	-0.000422
0.623400	-0.000422
0.623600	-0.000421
0.623800	-0.000421
0.624000	-0.000421
0.624200	-0.000420
0.624400	-0.000420
0.624600	-0.000420
0.624800	-0.000419
0.625000	-0.000419
0.625200	-0.000419
0.625400	-0.000418
0.625600	-0.000418
0.625800	-0.000417
0.626000	-0.000417
0.626200	-0.000417
0.626400	-0.000416
0.626600	-0.000416
0.626800	-0.000416
0.627000	-0.000415
0.627200	-0.000415
0.627400	-0.000415
0.627600	-0.000414
0.627800	-0.000414
0.628000	-0.000413
0.628200	-0.000413
0.628400	-0.000413
0.628600	-0.000412
0.628800	-0.000412
0.629000	-0.000411
0.629200	-0.000411
0.629400	-0.000411
0.629600	-0.000410
0.629800	-0.000410
0.630000	-0.000409
0.630200	-0.000409
0.630400	-0.000409
0.630600	-0.000408
0.630800	-0.000408
0.631000	-0.000407
0.631200	-0.000407
0.631400	-0.000406
0.631600	-0.000406
0.631800	-0.000405
0.632000	-0.000405
0.632200	-0.000405
0.632400	-0.000404
0.632600	-0.000404
0.632800	-0.000403
0.633000	-0.000403
0.633200	-0.000402
0.633400	-0.000402
0.633600	-0.000401
0.633800	-0.000401
0.634000	-0.000400
0.634200	-0.000400
0.634400	-0.000399
0.634600	-0.000399
0.634800	-0.000398
0.635000	-0.000398
0.635200	-0.000397
0.635400	-0.000397
0.635600	-0.000396
0.635800	-0.000396
0.636000	-0.000395
0.636200	-0.000395
0.636400	-0.000394
0.636600	-0.000394
0.636800	-0.000393
0.637000	-0.000393
0.637200	-0.000392
0.637400	-0.000391
0.637600	-0.000391
0.637800	-0.000390
0.638000	-0.000390
0.638200	-0.000389
0.638400	-0.000389
0.638600	-0.000388
0.638800	-0.000388
0.639000	-0.000387
0.639200	-0.000386
0.639400	-0.000386
0.639600	-0.000385
0.639800	-0.000385
0.640000	-0.000384
0.640200	-0.000383
0.640400	-0.000383
0.640600	-0.000382
0.640800	-0.000382
0.641000	-0.000381
0.641200	-0.000380
0.641400	-0.000380
0.641600	-0.000379
0.641800	-0.000379
0.642000	-0.000378
0.642200	-0.000377
0.642400	-0.000377
0.642600	-0.000376
0.642800	-0.000375
0.643000	-0.000375
0.643200	-0.000374
0.643400	-0.000373
0.643600	-0.000373
0.643800	-0.000372
0.644000	-0.000371
0.644200	-0.000371
0.644400	-0.000370
0.644600	-0.000369
0.644800	-0.000369
0.645000	-0.000368
0.645200	-0.000367
0.645400	-0.000367
0.645600	-0.000366
0.645800	-0.000365
0.646000	-0.000364
0.646200	-0.000364
0.646400	-0.000363
0.646600	-0.000362
0.646800	-0.000362
0.647000	-0.000361
0.647200	-0.000360
0.647400	-0.000359
0.647600	-0.000359
0.647800	-0.000358
0.648000	-0.000357
0.648200	-0.000356
0.648400	-0.000356
0.648600	-0.000355
0.648800	-0.000354
0.649000	-0.000353
0.649200	-0.000353
0.649400	-0.000352
0.649600	-0.000351
0.649800	-0.000350
0.650000	-0.000349
0.650200	-0.000349
0.650400	-0.000348
0.650600	-0.000347
0.650800	-0.000346
0.651000	-0.000345
0.651200	-0.000345
0.651400	-0.000344
0.651600	-0.000343
0.651800	-0.000342
0.652000	-0.000341
0.652200	-0.000341
0.652400	-0.000340
0.652600	-0.000339
0.652800	-0.000338
0.653000	-0.000337
0.653200	-0.000336
0.653400	-0.000336
0.653600	-0.000335
0.653800	-0.000334
0.654000	-0.000333
0.654200	-0.000332
0.654400	-0.000331
0.654600	-0.000330
0.654800	-0.000329
0.655000	-0.000329
0.655200	-0.000328
0.655400	-0.000327
0.655600	-0.000326
0.655800	-0.000325
0.656000	-0.000324
0.656200	-0.000323
0.656400	-0.000322
0.656600	-0.000321
0.656800	-0.000320
0.657000	-0.000320
0.657200	-0.000319
0.657400	-0.000318
0.657600	-0.000317
0.657800	-0.000316
0.658000	-0.000315
0.658200	-0.000314
0.658400	-0.000313
0.658600	-0.000312
0.658800	-0.000311
0.659000	-0.000310
0.659200	-0.000309
0.659400	-0.000308
0.659600	-0.000307
0.659800	-0.000306
0.660000	-0.000305
0.660200	-0.000304
0.660400	-0.000303
0.660600	-0.000302
0.660800	-0.000301
0.661000	-0.000300
0.661200	-0.000299
0.661400	-0.000298
0.661600	-0.000297
0.661800	-0.000296
0.662000	-0.000295
0.662200	-0.000294
0.662400	-0.000293
0.662600	-0.000292
0.662800	-0.000291
0.663000	-0.000290
0.663200	-0.000289
0.663400	-0.000288
0.663600	-0.000287
0.663800	-0.000286
0.664000	-0.000285
0.664200	-0.000284
0.664400	-0.000283
0.664600	-0.000282
0.664800	-0.000281
0.665000	-0.000280
0.665200	-0.000279
0.665400	-0.000278
0.665600	-0.000277
0.665800	-0.000275
0.666000	-0.000274
0.666200	-0.000273
0.666400	-0.000272
0.666600	-0.000271
0.666800	-0.000270
0.667000	-0.000269
0.667200	-0.000268
0.667400	-0.000267
0.667600	-0.000266
0.667800	-0.000265
0.668000	-0.000263
0.668200	-0.000262
0.668400	-0.000261
0.668600	-0.000260
0.668800	-0.000259
0.669000	-0.000258
0.669200	-0.000257
0.669400	-0.000256
0.669600	-0.000255
0.669800	-0.000253
0.670000	-0.000252
0.670200	-0.000251
0.670400	-0.000250
0.670600	-0.000249
0.670800	-0.000248
0.671000	-0.000247
0.671200	-0.000245
0.671400	-0.000244
0.671600	-0.000243
0.671800	-0.000242
0.672000	-0.000241
0.672200	-0.000240
0.672400	-0.000238
0.672600	-0.000237
0.672800	-0.000236
0.673000	-0.000235
0.673200	-0.000234
0.673400	-0.000233
0.673600	-0.000231
0.673800	-0.000230
0.674000	-0.000229
0.674200	-0.000228
0.674400	-0.000227
0.674600	-0.000226
0.674800	-0.000224
0.675000	-0.000223
0.675200	-0.000222
0.675400	-0.000221
0.675600	-0.000220
0.675800	-0.000218
0.676000	-0.000217
0.676200	-0.000216
0.676400	-0.000215
0.676600	-0.000214
0.676800	-0.000212
0.677000	-0.000211
0.677200	-0.000210
0.677400	-0.000209
0.677600	-0.000208
0.677800	-0.000206
0.678000	-0.000205
0.678200	-0.000204
0.678400	-0.000203
0.678600	-0.000202
0.678800	-0.000200
0.679000	-0.000199
0.679200	-0.000198
0.679400	-0.000197
0.679600	-0.000196
0.679800	-0.000194
0.680000	-0.000193
0.680200	-0.000192
0.680400	-0.000191
0.680600	-0.000189
0.680800	-0.000188
0.681000	-0.000187
0.681200	-0.000186
0.681400	-0.000185
0.681600	-0.000183
0.681800	-0.000182
0.682000	-0.000181
0.682200	-0.000180
0.682400	-0.000178
0.682600	-0.000177
0.682800	-0.000176
0.683000	-0.000175
0.683200	-0.000174
0.683400	-0.000172
0.683600	-0.000171
0.683800	-0.000170
0.684000	-0.000169
0.684200	-0.000168
0.684400	-0.000166
0.684600	-0.000165
0.684800	-0.000164
0.685000	-0.000163
0.685200	-0.000161
0.685400	-0.000160
0.685600	-0.000159
0.685800	-0.000158
0.686000	-0.000157
0.686200	-0.000155
0.686400	-0.000154
0.686600	-0.000153
0.686800	-0.000152
0.687000	-0.000151
0.687200	-0.000149
0.687400	-0.000148
0.687600	-0.000147
0.687800	-0.000146
0.688000	-0.000145
0.688200	-0.000143
0.688400	-0.000142
0.688600	-0.000141
0.688800	-0.000140
0.689000	-0.000139
0.689200	-0.000137
0.689400	-0.000136
0.689600	-0.000135
0.689800	-0.000134
0.690000	-0.000133
0.690200	-0.000131
0.690400	-0.000130
0.690600	-0.000129
0.690800	-0.000128
0.691000	-0.000127
0.691200	-0.000126
0.691400	-0.000124
0.691600	-0.000123
0.691800	-0.000122
0.692000	-0.000121
0.692200	-0.000120
0.692400	-0.000119
0.692600	-0.000117
0.692800	-0.000116
0.693000	-0.000115
0.693200	-0.000114
0.693400	-0.000113
0.693600	-0.000112
0.693800	-0.000111
0.694000	-0.000109
0.694200	-0.000108
0.694400	-0.000107
0.694600	-0.000106
0.694800	-0.000105
0.695000	-0.000104
0.695200	-0.000103
0.695400	-0.000102
0.695600	-0.000101
0.695800	-0.000099
0.696000	-0.000098
0.696200	-0.000097
0.696400	-0.000096
0.696600	-0.000095
0.696800	-0.000094
0.697000	-0.000093
0.697200	-0.000092
0.697400	-0.000091
0.697600	-0.000090
0.697800	-0.000089
0.698000	-0.000088
0.698200	-0.000087
0.698400	-0.000086
0.698600	-0.000085
0.698800	-0.000084
0.699000	-0.000083
0.699200	-0.000082
0.699400	-0.000081
0.699600	-0.000079
0.699800	-0.000078
0.700000	-0.000077
0.700200	-0.000076
0.700400	-0.000076
0.700600	-0.000075
0.700800	-0.000074
0.701000	-0.000073
0.701200	-0.000072
0.701400	-0.000071
0.701600	-0.000070
0.701800	-0.000069
0.702000	-0.000068
0.702200	-0.000067
0.702400	-0.000066
0.702600	-0.000065
0.702800	-0.000064
0.703000	-0.000063
0.703200	-0.000062
0.703400	-0.000061
0.703600	-0.000060
0.703800	-0.000060
0.704000	-0.000059
0.704200	-0.000058
0.704400	-0.000057
0.704600	-0.000056
0.704800	-0.000055
0.705000	-0.000054
0.705200	-0.000054
0.705400	-0.000053
0.705600	-0.000052
0.705800	-0.000051
0.706000	-0.000050
0.706200	-0.000050
0.706400	-0.000049
0.706600	-0.000048
0.706800	-0.000047
0.707000	-0.000046
0.707200	-0.000046
0.707400	-0.000045
0.707600	-0.000044
0.707800	-0.000043
0.708000	-0.000043
0.708200	-0.000042
0.708400	-0.000041
0.708600	-0.000040
0.708800	-0.000040
0.709000	-0.000039
0.709200	-0.000038
0.709400	-0.000038
0.709600	-0.000037
0.709800	-0.000036
0.710000	-0.000036
0.710200	-0.000035
0.710400	-0.000034
0.710600	-0.000034
0.710800	-0.000033
0.711000	-0.000033
0.711200	-0.000032
0.711400	-0.000031
0.711600	-0.000031
0.711800	-0.000030
0.712000	-0.000030
0.712200	-0.000029
0.712400	-0.000029
0.712600	-0.000028
0.712800	-0.000028
0.713000	-0.000027
0.713200	-0.000027
0.713400	-0.000026
0.713600	-0.000026
0.713800	-0.000025
0.714000	-0.000025
0.714200	-0.000024
0.714400	-0.000024
0.714600	-0.000023
0.714800	-0.000023
0.715000	-0.000022
0.715200	-0.000022
0.715400	-0.000022
0.715600	-0.000021
0.715800	-0.000021
0.716000	-0.000020
0.716200	-0.000020
0.716400	-0.000020
0.716600	-0.000019
0.716800	-0.000019
0.717000	-0.000019
0.717200	-0.000018
0.717400	-0.000018
0.717600	-0.000018
0.717800	-0.000018
0.718000	-0.000017
0.718200	-0.000017
0.718400	-0.000017
0.718600	-0.000017
0.718800	-0.000016
0.719000	-0.000016
0.719200	-0.000016
0.719400	-0.000016
0.719600	-0.000016
0.719800	-0.000015
0.720000	-0.000015
0.720200	-0.000015
0.720400	-0.000015
0.720600	-0.000015
0.720800	-0.000015
0.721000	-0.000015
0.721200	-0.000015
0.721400	-0.000015
0.721600	-0.000015
0.721800	-0.000015
0.722000	-0.000015
0.722200	-0.000015
0.722400	-0.000015
0.722600	-0.000015
0.722800	-0.000015
0.723000	-0.000016
0.723200	-0.000016
0.723400	-0.000016
0.723600	-0.000016
0.723800	-0.000017
0.724000	-0.000017
0.724200	-0.000017
0.724400	-0.000018
0.724600	-0.000018
0.724800	-0.000018
0.725000	-0.000019
0.725200	-0.000019
0.725400	-0.000020
0.725600	-0.000020
0.725800	-0.000021
0.726000	-0.000021
0.726200	-0.000022
0.726400	-0.000022
0.726600	-0.000023
0.726800	-0.000024
0.727000	-0.000024
0.727200	-0.000025
0.727400	-0.000026
0.727600	-0.000026
0.727800	-0.000027
0.728000	-0.000028
0.728200	-0.000029
0.728400	-0.000030
0.728600	-0.000030
0.728800	-0.000031
0.729000	-0.000032
0.729200	-0.000033
0.729400	-0.000034
0.729600	-0.000035
0.729800	-0.000036
0.730000	-0.000037
0.730200	-0.000038
0.730400	-0.000039
0.730600	-0.000040
0.730800	-0.000041
0.731000	-0.000042
0.731200	-0.000043
0.731400	-0.000044
0.731600	-0.000045
0.731800	-0.000047
0.732000	-0.000048
0.732200	-0.000049
0.732400	-0.000050
0.732600	-0.000052
0.732800	-0.000053
0.733000	-0.000054
0.733200	-0.000055
0.733400	-0.000057
0.733600	-0.000058
0.733800	-0.000059
0.734000	-0.000061
0.734200	-0.000062
0.734400	-0.000064
0.734600	-0.000065
0.734800	-0.000067
0.735000	-0.000068
0.735200	-0.000069
0.735400	-0.000071
0.735600	-0.000073
0.735800	-0.000074
0.736000	-0.000076
0.736200	-0.000077
0.736400	-0.000079
0.736600	-0.000080
0.736800	-0.000082
0.737000	-0.000084
0.737200	-0.000085
0.737400	-0.000087
0.737600	-0.000089
0.737800	-0.000090
0.738000	-0.000092
0.738200	-0.000094
0.738400	-0.000095
0.738600	-0.000097
0.738800	-0.000099
0.739000	-0.000101
0.739200	-0.000103
0.739400	-0.000104
0.739600	-0.000106
0.739800	-0.000108
0.740000	-0.000110
0.740200	-0.000112
0.740400	-0.000114
0.740600	-0.000115
0.740800	-0.000117
0.741000	-0.000119
0.741200	-0.000121
0.741400	-0.000123
0.741600	-0.000125
0.741800	-0.000127
0.742000	-0.000129
0.742200	-0.000131
0.742400	-0.000133
0.742600	-0.000135
0.742800	-0.000137
0.743000	-0.000139
0.743200	-0.000141
0.743400	-0.000143
0.743600	-0.000145
0.743800	-0.000147
0.744000	-0.000149
0.744200	-0.000151
0.744400	-0.000153
0.744600	-0.000155
0.744800	-0.000157
0.745000	-0.000159
0.745200	-0.000161
0.745400	-0.000163
0.745600	-0.000165
0.745800	-0.000167
0.746000	-0.000169
0.746200	-0.000171
0.746400	-0.000173
0.746600	-0.000175
0.746800	-0.000177
0.747000	-0.000179
0.747200	-0.000181
0.747400	-0.000184
0.747600	-0.000186
0.747800	-0.000188
0.748000	-0.000190
0.748200	-0.000192
0.748400	-0.000194
0.748600	-0.000196
0.748800	-0.000198
0.749000	-0.000200
0.749200	-0.000202
0.749400	-0.000204
0.749600	-0.000206
0.749800	-0.000208
0.750000	-0.000211
0.750200	-0.000213
0.750400	-0.000215
0.750600	-0.000217
0.750800	-0.000219
0.751000	-0.000221
0.751200	-0.000223
0.751400	-0.000225
0.751600	-0.000227
0.751800	-0.000229
0.752000	-0.000231
0.752200	-0.000233
0.752400	-0.000235
0.752600	-0.000237
0.752800	-0.000239
0.753000	-0.000241
0.753200	-0.000243
0.753400	-0.000245
0.753600	-0.000247
0.753800	-0.000249
0.754000	-0.000251
0.754200	-0.000253
0.754400	-0.000255
0.754600	-0.000257
0.754800	-0.000259
0.755000	-0.000261
0.755200	-0.000263
0.755400	-0.000265
0.755600	-0.000267
0.755800	-0.000269
0.756000	-0.000271
0.756200	-0.000273
0.756400	-0.000275
0.756600	-0.000276
0.756800	-0.000278
0.757000	-0.000280
0.757200	-0.000282
0.757400	-0.000284
0.757600	-0.000286
0.757800	-0.000287
0.758000	-0.000289
0.758200	-0.000291
0.758400	-0.000293
0.758600	-0.000295
0.758800	-0.000296
0.759000	-0.000298
0.759200	-0.000300
0.759400	-0.000302
0.759600	-0.000303
0.759800	-0.000305
0.760000	-0.000307
0.760200	-0.000308
0.760400	-0.000310
0.760600	-0.000312
0.760800	-0.000313
0.761000	-0.000315
0.761200	-0.000316
0.761400	-0.000318
0.761600	-0.000320
0.761800	-0.000321
0.762000	-0.000323
0.762200	-0.000324
0.762400	-0.000326
0.762600	-0.000327
0.762800	-0.000329
0.763000	-0.000330
0.763200	-0.000332
0.763400	-0.000333
0.763600	-0.000335
0.763800	-0.000336
0.764000	-0.000337
0.764200	-0.000339
0.764400	-0.000340
0.764600	-0.000341
0.764800	-0.000343
0.765000	-0.000344
0.765200	-0.000345
0.765400	-0.000347
0.765600	-0.000348
0.765800	-0.000349
0.766000	-0.000351
0.766200	-0.000352
0.766400	-0.000353
0.766600	-0.000354
0.766800	-0.000355
0.767000	-0.000357
0.767200	-0.000358
0.767400	-0.000359
0.767600	-0.000360
0.767800	-0.000361
0.768000	-0.000362
0.768200	-0.000363
0.768400	-0.000364
0.768600	-0.000365
0.768800	-0.000366
0.769000	-0.000367
0.769200	-0.000368
0.769400	-0.000369
0.769600	-0.000370
0.769800	-0.000371
0.770000	-0.000372
0.770200	-0.000373
0.770400	-0.000374
0.770600	-0.000375
0.770800	-0.000376
0.771000	-0.000377
0.771200	-0.000377
0.771400	-0.000378
0.771600	-0.000379
0.771800	-0.000380
0.772000	-0.000381
0.772200	-0.000381
0.772400	-0.000382
0.772600	-0.000383
0.772800	-0.000384
0.773000	-0.000384
0.773200	-0.000385
0.773400	-0.000386
0.773600	-0.000386
0.773800	-0.000387
0.774000	-0.000388
0.774200	-0.000388
0.774400	-0.000389
0.774600	-0.000389
0.774800	-0.000390
0.775000	-0.000391
0.775200	-0.000391
0.775400	-0.000392
0.775600	-0.000392
0.775800	-0.000393
0.776000	-0.000393
0.776200	-0.000394
0.776400	-0.000394
0.776600	-0.000395
0.776800	-0.000395
0.777000	-0.000395
0.777200	-0.000396
0.777400	-0.000396
0.777600	-0.000397
0.777800	-0.000397
0.778000	-0.000397
0.778200	-0.000398
0.778400	-0.000398
0.778600	-0.000399
0.778800	-0.000399
0.779000	-0.000399
0.779200	-0.000399
0.779400	-0.000400
0.779600	-0.000400
0.779800	-0.000400
0.780000	-0.000401
0.780200	-0.000401
0.780400	-0.000401
0.780600	-0.000401
0.780800	-0.000402
0.781000	-0.000402
0.781200	-0.000402
0.781400	-0.000402
0.781600	-0.000402
0.781800	-0.000403
0.782000	-0.000403
0.782200	-0.000403
0.782400	-0.000403
0.782600	-0.000403
0.782800	-0.000403
0.783000	-0.000404
0.783200	-0.000404
0.783400	-0.000404
0.783600	-0.000404
0.783800	-0.000404
0.784000	-0.000404
0.784200	-0.000404
0.784400	-0.000404
0.784600	-0.000404
0.784800	-0.000405
0.785000	-0.000405
0.785200	-0.000405
0.785400	-0.000405
0.785600	-0.000405
0.785800	-0.000405
0.786000	-0.000405
0.786200	-0.000405
0.786400	-0.000405
0.786600	-0.000405
0.786800	-0.000405
0.787000	-0.000405
0.787200	-0.000405
0.787400	-0.000405
0.787600	-0.000405
0.787800	-0.000405
0.788000	-0.000405
0.788200	-0.000405
0.788400	-0.000405
0.788600	-0.000405
0.788800	-0.000405
0.789000	-0.000405
0.789200	-0.000405
0.789400	-0.000405
0.789600	-0.000405
0.789800	-0.000405
0.790000	-0.000405
0.790200	-0.000405
0.790400	-0.000405
0.790600	-0.000405
0.790800	-0.000405
0.791000	-0.000405
0.791200	-0.000405
0.791400	-0.000405
0.791600	-0.000405
0.791800	-0.000405
0.792000	-0.000405
0.792200	-0.000405
0.792400	-0.000405
0.792600	-0.000405
0.792800	-0.000405
0.793000	-0.000405
0.793200	-0.000405
0.793400	-0.000405
0.793600	-0.000405
0.793800	-0.000405
0.794000	-0.000405
0.794200	-0.000405
0.794400	-0.000405
0.794600	-0.000405
0.794800	-0.000405
0.795000	-0.000405
0.795200	-0.000406
0.795400	-0.000406
0.795600	-0.000406
0.795800	-0.000406
0.796000	-0.000406
0.796200	-0.000406
0.796400	-0.000406
0.796600	-0.000406
0.796800	-0.000406
0.797000	-0.000406
0.797200	-0.000406
0.797400	-0.000406
0.797600	-0.000406
0.797800	-0.000406
0.798000	-0.000406
0.798200	-0.000406
0.798400	-0.000406
0.798600	-0.000406
0.798800	-0.000406
0.799000	-0.000406
0.799200	-0.000406
0.799400	-0.000406
0.799600	-0.000406
0.799800	-0.000406
