   7.861950        0.1736111    
   9.086237        0.0000000E+00
   10.31052         3.333333    
   11.53481         14.37500    
   12.75910         8.993055    
   13.98338         3.750000    
   15.20767         5.520833    
   16.43196         6.944445    
   17.65624         12.88194    
   18.88053         6.145833    
   20.10482         6.006945    
   21.32910         1.736111    
   22.55339         7.395833    
   23.77768         7.743055    
   25.00196         4.652778    
   26.22625         3.506944    
   27.45053        0.3472222    
   28.67482         1.840278    
   29.89911        0.2430556    
   31.12339         4.409722    
