   4.194590         2.222222    
   4.275630         6.222222    
   4.356671         7.500000    
   4.437712         7.833333    
   4.518753         5.500000    
   4.599793         5.611111    
   4.680834         5.333333    
   4.761875         4.611111    
   4.842916         3.222222    
   4.923956         1.722222    
   5.004997         1.333333    
   5.086038         1.277778    
   5.167078         2.500000    
   5.248119         4.333333    
   5.329160         5.388889    
   5.410200         10.22222    
   5.491241         10.11111    
   5.572282         8.222222    
   5.653323         5.277778    
   5.734364         1.555556    
